0 0 0.0
0 1 63.6003
0 2 86.0233
0 3 92.1358
0 4 84.5044
0 5 59.4138
0 6 32.0
0 7 72.0069
0 8 41.8808
0 9 10.8167
0 10 62.0967
0 11 30.5941
0 12 104.0433
0 13 66.9104
0 14 66.0984
0 15 26.9258
0 16 78.6003
0 17 85.1469
0 18 79.2465
0 19 62.6498
0 20 42.45
0 21 101.8627
0 22 113.0708
0 23 66.2118
0 24 7.0711
0 25 110.1363
0 26 88.6002
0 27 64.3817
0 28 40.3113
0 29 68.1175
0 30 71.0282
0 31 4.2426
0 32 108.9036
0 33 29.0689
0 34 54.3783
0 35 81.5966
0 36 81.3204
0 37 71.4493
0 38 104.7091
0 39 22.0227
0 40 40.2492
0 41 80.2247
0 42 44.2832
0 43 30.0167
0 44 42.0595
0 45 25.0
0 46 115.6028
0 47 36.7967
0 48 93.086
0 49 87.6926
0 50 55.0364
0 51 70.1783
0 52 40.8534
0 53 64.7765
0 54 50.5668
0 55 82.9759
0 56 44.4185
0 57 64.195
0 58 70.0071
0 59 49.2037
0 60 31.0161
0 61 32.249
0 62 14.8661
0 63 102.2008
0 64 77.1038
0 65 22.0
0 66 24.6982
0 67 28.4605
0 68 55.3263
0 69 54.4059
0 70 52.6972
0 71 89.1067
0 72 41.7732
0 73 70.0286
0 74 60.1664
0 75 37.2156
0 76 66.1891
0 77 64.1249
0 78 31.7805
0 79 80.6226
0 80 87.5557
0 81 47.7074
0 82 37.1214
0 83 40.0
0 84 84.8528
0 85 59.6825
0 86 36.8782
0 87 50.0899
0 88 44.0114
0 89 60.407
0 90 47.4342
0 91 13.0384
0 92 84.309
0 93 76.844
0 94 68.0074
0 95 52.6308
0 96 85.1469
0 97 70.1783
0 98 51.3128
0 99 51.788
0 100 83.7735
0 101 45.5412
0 102 10.4403
0 103 45.6508
0 104 34.4093
0 105 82.2922
0 106 106.7942
0 107 75.4255
0 108 82.1523
0 109 27.0
0 110 82.0366
0 111 43.2897
0 112 41.0122
0 113 38.4708
0 114 112.2943
0 115 112.0714
0 116 77.0
0 117 96.6023
0 118 78.3135
0 119 76.6551
0 120 75.9276
0 121 100.1249
0 122 38.0526
0 123 53.6004
0 124 24.0208
0 125 83.2947
0 126 61.8466
0 127 99.2975
0 128 70.7107
0 129 12.2066
0 130 68.884
0 131 101.5972
0 132 79.4292
0 133 29.1204
0 134 99.8649
0 135 18.9737
0 136 75.4718
0 137 93.4345
0 138 57.7062
0 139 94.4034
1 0 63.6003
1 1 0.0
1 2 53.1507
1 3 52.6308
1 4 21.2603
1 5 48.7545
1 6 51.3517
1 7 53.8516
1 8 28.1603
1 9 53.535
1 10 41.3401
1 11 38.2753
1 12 40.4969
1 13 48.8262
1 14 29.5296
1 15 54.5894
1 16 25.318
1 17 27.2947
1 18 20.2237
1 19 48.2701
1 20 28.7924
1 21 40.7063
1 22 49.5782
1 23 13.4536
1 24 56.6127
1 25 46.9574
1 26 32.7567
1 27 46.8402
1 28 26.0768
1 29 45.31
1 30 59.0762
1 31 63.1269
1 32 46.6154
1 33 35.7771
1 34 23.4094
1 35 45.793
1 36 30.8869
1 37 50.1597
1 38 42.72
1 39 62.1289
1 40 57.9741
1 41 52.6972
1 42 46.3897
1 43 42.5441
1 44 31.0161
1 45 38.6005
1 46 52.0096
1 47 27.2947
1 48 59.397
1 49 26.9258
1 50 55.6597
1 51 64.4981
1 52 54.5711
1 53 49.7293
1 54 59.2115
1 55 25.1794
1 56 19.8494
1 57 44.9222
1 58 41.5933
1 59 14.4222
1 60 50.4876
1 61 55.3263
1 62 69.4262
1 63 38.6005
1 64 53.7401
1 65 53.4509
1 66 44.5982
1 67 37.6431
1 68 32.249
1 69 19.9249
1 70 11.4018
1 71 28.2312
1 72 24.0416
1 73 44.2832
1 74 54.4518
1 75 36.7696
1 76 45.5412
1 77 60.8358
1 78 49.2443
1 79 40.3113
1 80 68.0955
1 81 25.0799
1 82 37.6962
1 83 27.6586
1 84 59.9083
1 85 23.8537
1 86 28.7924
1 87 55.3173
1 88 54.9181
1 89 49.1935
1 90 24.0208
1 91 53.0377
1 92 27.6586
1 93 44.2041
1 94 42.5441
1 95 25.0
1 96 65.3682
1 97 8.0
1 98 12.8062
1 99 43.9659
1 100 42.9535
1 101 45.3982
1 102 67.8823
1 103 29.0689
1 104 62.3939
1 105 23.0868
1 106 44.4072
1 107 38.4187
1 108 19.6469
1 109 44.9444
1 110 20.6155
1 111 43.7379
1 112 50.0899
1 113 34.5398
1 114 48.8365
1 115 48.5489
1 116 46.0435
1 117 35.5106
1 118 41.1096
1 119 29.2062
1 120 13.0384
1 121 41.1096
1 122 49.0
1 123 25.02
1 124 53.8516
1 125 55.2178
1 126 24.6982
1 127 35.8469
1 128 33.8378
1 129 60.8769
1 130 51.8652
1 131 39.5601
1 132 53.8145
1 133 44.1475
1 134 36.3593
1 135 79.9062
1 136 13.1529
1 137 63.0317
1 138 46.0977
1 139 38.3275
2 0 86.0233
2 1 53.1507
2 2 0.0
2 3 9.2195
2 4 59.808
2 5 99.8098
2 6 92.477
2 7 18.0278
2 8 73.0616
2 9 80.7527
2 10 93.5094
2 11 56.5685
2 12 62.0081
2 13 101.2373
2 14 25.2389
2 15 61.5224
2 16 75.8024
2 17 73.8241
2 18 68.0
2 19 25.0
2 20 46.8402
2 21 77.666
2 22 73.0274
2 23 39.6989
2 24 81.3019
2 25 61.4003
2 26 33.1361
2 27 22.561
2 28 52.2015
2 29 18.1108
2 30 111.2879
2 31 83.006
2 32 78.4092
2 33 71.1688
2 34 74.5185
2 35 98.6002
2 36 26.2488
2 37 16.1555
2 38 52.345
2 39 70.0357
2 40 52.4976
2 41 7.2111
2 42 93.1504
2 43 56.0803
2 44 76.6616
2 45 68.1542
2 46 72.2496
2 47 64.8845
2 48 7.2801
2 49 69.6419
2 50 104.8475
2 51 116.0388
2 52 49.7293
2 53 23.4094
2 54 44.2832
2 55 72.45
2 56 54.1202
2 57 22.2036
2 58 16.2788
2 59 56.8595
2 60 91.1811
2 61 96.2081
2 62 81.8841
2 63 63.1269
2 64 106.8316
2 65 89.2861
2 66 80.9568
2 67 60.0167
2 68 32.0156
2 69 70.9366
2 70 52.2015
2 71 70.2282
2 72 66.7308
2 73 16.0
2 74 31.305
2 75 49.366
2 76 20.2237
2 77 111.6065
2 78 55.2268
2 79 13.4164
2 80 19.0263
2 81 73.2393
2 82 49.2544
2 83 70.7107
2 84 10.198
2 85 76.3806
2 86 68.8767
2 87 103.0776
2 88 47.1275
2 89 100.4241
2 90 71.8471
2 91 73.0616
2 92 34.9285
2 93 97.3088
2 94 18.0278
2 95 38.0789
2 96 17.2627
2 97 48.2597
2 98 52.4309
2 99 93.4773
2 100 95.1315
2 101 41.3038
2 102 83.3847
2 103 76.5506
2 104 60.7289
2 105 39.8497
2 106 76.531
2 107 14.8661
2 108 47.7598
2 109 59.0339
2 110 64.8845
2 111 43.1045
2 112 95.2575
2 113 48.6621
2 114 73.0068
2 115 66.2722
2 116 9.2195
2 117 46.0
2 118 12.0416
2 119 25.0599
2 120 58.1808
2 121 82.0061
2 122 93.0376
2 123 37.1618
2 124 90.802
2 125 5.831
2 126 31.0644
2 127 58.1378
2 128 20.0
2 129 76.1643
2 130 20.1246
2 131 51.0882
2 132 106.9626
2 133 83.5703
2 134 59.1354
2 135 93.3809
2 136 47.4131
2 137 9.8995
2 138 97.0052
2 139 83.5703
3 0 92.1358
3 1 52.6308
3 2 9.2195
3 3 0.0
3 4 55.9464
3 5 100.7025
3 6 95.8801
3 7 27.0185
3 8 75.2396
3 9 86.093
3 10 93.8136
3 11 62.0081
3 12 55.4437
3 13 101.4002
3 14 27.8927
3 15 68.6586
3 16 73.4098
3 17 70.4911
3 18 65.215
3 19 33.1059
3 20 51.3517
3 21 72.4224
3 22 66.1211
3 23 39.4081
3 24 87.0
3 25 54.0093
3 26 27.5136
3 27 30.4631
3 28 56.0892
3 29 25.632
3 30 111.6065
3 31 89.3588
3 32 72.3671
3 33 74.9533
3 34 75.1665
3 35 97.0
3 36 22.8035
3 37 24.6982
3 38 45.0
3 39 77.3692
3 40 60.5392
3 41 16.2788
3 42 95.3415
3 43 62.1289
3 44 78.7909
3 45 72.6911
3 46 65.0
3 47 68.0074
3 48 9.0554
3 49 65.7647
3 50 106.4707
3 51 116.7647
3 52 57.5847
3 53 31.7648
3 54 52.8394
3 55 69.3397
3 56 56.921
3 57 29.7321
3 58 22.3607
3 59 58.6003
3 60 94.6414
3 61 99.7246
3 62 89.0505
3 63 56.8859
3 64 106.2168
3 65 93.5575
3 66 84.9294
3 67 65.123
3 68 37.0135
3 69 71.5612
3 70 53.6656
3 71 66.1891
3 72 69.0797
3 73 23.0868
3 74 39.9625
3 75 55.0091
3 76 27.8568
3 77 112.681
3 78 62.1691
3 79 13.0
3 80 26.9258
3 81 74.7061
3 82 55.0364
3 83 73.1642
3 84 18.7883
3 85 76.4003
3 86 71.7844
3 87 105.119
3 88 55.1543
3 89 101.2423
3 90 73.3553
3 91 79.1012
3 92 30.4138
3 93 96.1665
3 94 24.7386
3 95 41.7732
3 96 25.632
3 97 46.669
3 98 54.1295
3 99 94.8947
3 100 93.086
3 101 48.5077
3 102 90.2552
3 103 78.2624
3 104 68.7095
3 105 35.8469
3 106 70.6116
3 107 17.2627
3 108 43.909
3 109 65.192
3 110 61.5873
3 111 50.01
3 112 97.8621
3 113 54.0093
3 114 66.1891
3 115 59.0
3 116 15.8114
3 117 39.4588
3 118 14.1421
3 119 23.4307
3 120 55.6058
3 121 77.2528
3 122 95.8593
3 123 40.7922
3 124 94.921
3 125 15.0
3 126 33.5261
3 127 51.9711
3 128 22.561
3 129 82.8734
3 130 28.8444
3 131 44.1022
3 132 106.1037
3 133 87.0919
3 134 52.9528
3 135 100.6628
3 136 44.8219
3 137 14.0357
3 138 97.9439
3 139 79.6053
4 0 84.5044
4 1 21.2603
4 2 59.808
4 3 55.9464
4 4 0.0
4 5 58.2151
4 6 68.6222
4 7 66.2722
4 8 46.0977
4 9 74.2024
4 10 49.366
4 11 59.4054
4 12 20.8806
4 13 55.3173
4 14 42.0
4 15 75.4718
4 16 20.1246
4 17 14.8661
4 18 11.7047
4 19 63.0714
4 20 49.2443
4 21 20.6155
4 22 28.6007
4 23 26.4764
4 24 77.4661
4 25 28.4429
4 26 29.2062
4 27 61.0082
4 28 47.2017
4 29 58.0775
4 30 65.2534
4 31 84.22
4 32 25.5539
4 33 56.0357
4 34 36.8782
4 35 44.4185
4 36 33.6155
4 37 62.2896
4 38 27.2947
4 39 83.2346
4 40 77.6209
4 41 61.8466
4 42 60.8276
4 43 63.5138
4 44 48.1041
4 45 59.5483
4 46 31.3847
4 47 47.8017
4 48 64.405
4 49 9.8489
4 50 67.0075
4 51 71.8053
4 52 74.0945
4 53 64.0078
4 54 77.3692
4 55 14.2127
4 56 41.1096
4 57 59.0085
4 58 53.2353
4 59 35.3836
4 60 68.0074
4 61 72.4224
4 62 90.6863
4 63 18.3848
4 64 56.4624
4 65 72.45
4 66 64.0078
4 67 58.8982
4 68 49.0306
4 69 34.4819
4 70 32.6497
4 71 10.4403
4 72 43.566
4 73 56.2228
4 74 70.3491
4 75 57.3062
4 76 59.0085
4 77 69.7209
4 78 69.8355
4 79 46.4866
4 80 77.6209
4 81 41.4367
4 82 58.1808
4 83 46.5296
4 84 68.6804
4 85 34.1321
4 86 48.5489
4 87 68.1175
4 88 74.0
4 89 58.3095
4 90 40.8534
4 91 74.2496
4 92 25.5539
4 93 45.1885
4 94 55.0818
4 95 43.3244
4 96 75.1864
4 97 17.088
4 98 34.0588
4 99 56.0803
4 100 39.4081
4 101 64.195
4 102 89.1067
4 103 45.2217
4 104 82.7345
4 105 20.1246
4 106 23.3238
4 107 47.0744
4 108 12.083
4 109 66.0303
4 110 6.7082
4 111 62.9682
4 112 65.307
4 113 55.0727
4 114 27.8029
4 115 28.7924
4 116 55.3173
4 117 23.2594
4 118 48.7647
4 119 35.171
4 120 8.6023
4 121 23.0217
4 122 65.0
4 123 43.0116
4 124 72.4983
4 125 63.6003
4 126 39.3192
4 127 17.1172
4 128 44.2832
4 129 82.134
4 130 65.0692
4 131 24.5153
4 132 55.4617
4 133 62.6498
4 134 17.2627
4 135 101.1187
4 136 14.0357
4 137 68.942
4 138 56.0803
4 139 23.7697
5 0 59.4138
5 1 48.7545
5 2 99.8098
5 3 100.7025
5 4 58.2151
5 5 0.0
5 6 27.8927
5 7 95.5877
5 8 28.8444
5 9 50.01
5 10 9.0554
5 11 57.7754
5 12 78.0064
5 13 8.0623
5 14 74.6525
5 15 71.3092
5 16 40.1995
5 17 48.3735
5 18 47.0106
5 19 87.4586
5 20 58.8218
5 21 64.7611
5 22 81.8841
5 23 61.4003
5 24 54.037
5 25 86.0
5 26 80.9938
5 27 87.2067
5 28 52.4309
5 29 87.6926
5 30 13.0
5 31 62.1289
5 32 73.0068
5 33 38.8973
5 34 25.5539
5 35 26.9072
5 36 79.6053
5 37 92.6553
5 38 85.4751
5 39 73.6817
5 40 82.28
5 41 97.7446
5 42 15.1327
5 43 62.3939
5 44 25.5539
5 45 45.8803
5 46 85.7088
5 47 39.4462
5 48 106.6068
5 49 54.1479
5 50 9.8489
5 51 16.2788
5 52 80.2309
5 53 89.4986
5 54 89.0
5 55 47.1699
5 56 47.5079
5 57 85.703
5 58 85.6329
5 59 43.1856
5 60 28.6356
5 61 29.1548
5 62 73.0274
5 63 75.0267
5 64 18.0278
5 65 37.6563
5 66 36.0555
5 67 53.8516
5 68 71.5052
5 69 29.1548
5 70 47.634
5 71 55.2268
5 72 35.0
5 73 87.6926
5 74 90.6973
5 75 62.6498
5 76 87.046
5 77 12.083
5 78 70.2282
5 79 87.9204
5 80 111.7318
5 81 26.8701
5 82 63.5295
5 83 31.9061
5 84 104.7378
5 85 25.2982
5 86 35.3553
5 87 13.4536
5 88 82.3468
5 89 1.0
5 90 28.2843
5 91 58.3095
5 92 75.9605
5 93 22.0227
5 94 85.5628
5 95 63.6553
5 96 108.9036
5 97 56.0803
5 98 47.5079
5 99 8.2462
5 100 31.6228
5 101 76.1577
5 102 69.1158
5 103 24.2074
5 104 81.7435
5 105 70.8378
5 106 71.5891
5 107 85.0
5 108 65.0
5 109 62.2977
5 110 52.0384
5 111 73.4302
5 112 18.9737
5 113 61.4003
5 114 80.895
5 115 85.1469
5 116 91.5478
5 117 80.4114
5 118 88.0057
5 119 77.5242
5 120 51.9711
5 121 59.7746
5 122 21.587
5 123 64.3506
5 124 35.9026
5 125 100.6578
5 126 68.884
5 127 75.06
5 128 79.8123
5 129 66.0681
5 130 92.8493
5 131 82.6075
5 132 20.6155
5 133 31.0161
5 134 75.0267
5 135 78.0897
5 136 60.0833
5 137 109.6358
5 138 2.8284
5 139 51.8652
6 0 32.0
6 1 51.3517
6 2 92.477
6 3 95.8801
6 4 68.6222
6 5 27.8927
6 6 0.0
6 7 83.5284
6 8 23.1948
6 9 23.7697
6 10 32.249
6 11 39.6989
6 12 89.493
6 13 35.7351
6 14 68.0074
6 15 48.8774
6 16 56.3028
6 17 64.1405
6 18 59.9333
6 19 74.3303
6 20 46.0652
6 21 81.6333
6 22 96.2549
6 23 60.1332
6 24 27.4591
6 25 96.8401
6 26 83.006
6 27 74.9466
6 28 40.3113
6 29 76.9415
6 30 39.0512
6 31 35.1283
6 32 89.5545
6 33 21.4709
6 34 32.2025
6 35 52.4786
6 36 78.5175
6 37 81.4923
6 38 93.7443
6 39 49.0408
6 40 61.6117
6 41 88.5664
6 42 13.0
6 43 43.1393
6 44 20.6155
6 45 26.2488
6 46 99.5389
6 47 27.8927
6 48 99.7246
6 49 68.4251
6 50 23.0868
6 51 38.3275
6 52 60.4401
6 53 76.5506
6 54 70.1783
6 55 62.2656
6 56 39.0512
6 57 73.9256
6 58 76.5572
6 59 39.0512
6 60 1.4142
6 61 4.0
6 62 46.2709
6 63 86.977
6 64 45.8803
6 65 10.0
6 66 12.7279
6 67 35.4683
6 68 60.8358
6 69 34.176
6 70 44.1022
6 71 69.7711
6 72 28.0179
6 73 77.8203
6 74 75.2861
6 75 46.4004
6 76 75.6637
6 77 32.249
6 78 49.8197
6 79 82.9699
6 80 100.1699
6 81 27.2029
6 82 47.0106
6 83 24.0
6 84 94.8262
6 85 36.3593
6 86 24.3311
6 87 18.2483
6 88 63.1269
6 89 28.8617
6 90 27.8927
6 91 33.6155
6 92 78.0
6 93 47.5079
6 94 75.5844
6 95 54.4243
6 96 97.4166
6 97 59.3043
6 98 43.1856
6 99 21.0238
6 100 55.8032
6 101 59.5483
6 102 42.107
6 103 23.4094
6 104 59.0593
6 105 74.108
6 106 87.7097
6 107 78.7464
6 108 70.859
6 109 41.8688
6 110 64.0781
6 111 56.7274
6 112 9.0554
6 113 46.0435
6 114 95.3415
6 115 97.4064
6 116 83.3847
6 117 86.8332
6 118 81.9085
6 119 74.9667
6 120 60.4401
6 121 78.2368
6 122 6.3246
6 123 55.3624
6 124 8.0623
6 125 91.7061
6 126 62.3618
6 127 85.44
6 128 73.3757
6 129 40.2616
6 130 80.455
6 131 90.6091
6 132 48.3839
6 133 8.9443
6 134 85.7263
6 135 50.3587
6 136 64.4981
6 137 101.6366
6 138 26.5707
6 139 71.218
7 0 72.0069
7 1 53.8516
7 2 18.0278
7 3 27.0185
7 4 66.2722
7 5 95.5877
7 6 83.5284
7 7 0.0
7 8 67.1789
7 9 68.3081
7 10 90.6035
7 11 44.7772
7 12 73.3485
7 13 98.4073
7 14 24.7386
7 15 46.0435
7 16 78.7464
7 17 78.6448
7 18 72.0347
7 19 9.4868
7 20 37.8021
7 21 86.0058
7 22 84.7231
7 23 41.4849
7 24 68.1542
7 25 74.3303
7 26 44.643
7 27 8.6023
7 28 44.0454
7 29 8.544
7 30 107.9352
7 31 68.593
7 32 88.278
7 33 62.1289
7 34 71.6101
7 35 99.2824
7 36 35.6931
7 37 4.0
7 38 65.4599
7 39 54.037
7 40 35.5106
7 41 10.8167
7 42 86.5563
7 43 43.0116
7 44 70.7248
7 45 57.7062
7 46 84.6463
7 47 57.4891
7 48 23.4094
7 49 75.6637
7 50 99.0858
7 51 111.8034
7 52 33.1361
7 53 7.2801
7 54 26.5707
7 55 76.9025
7 56 48.1041
7 57 9.8995
7 58 13.0384
7 59 52.8015
7 60 82.1523
7 61 86.954
7 62 66.0303
7 63 73.8241
7 64 105.3945
7 65 78.721
7 66 71.1969
7 67 48.7545
7 68 24.0832
7 69 68.2422
7 70 49.0918
7 71 76.531
7 72 60.8112
7 73 10.0499
7 74 13.6015
7 75 37.5766
7 76 8.6023
7 77 106.7755
7 78 40.3113
7 79 23.7697
7 80 16.6433
7 81 68.7677
7 82 37.1618
7 83 64.3817
7 84 13.0
7 85 74.6257
7 86 61.7171
7 87 96.5401
7 88 30.2655
7 89 96.3328
7 90 67.3573
7 91 59.439
7 92 44.5533
7 93 97.1288
7 94 11.4018
7 95 32.0156
7 96 13.8924
7 97 51.4198
7 98 48.8262
7 99 88.3912
7 100 96.7729
7 101 26.4764
7 102 68.0294
7 103 71.4493
7 104 43.7379
7 105 48.0937
7 106 86.209
7 107 20.3961
7 108 55.0091
7 109 45.607
7 110 70.0357
7 111 28.8617
7 112 87.8009
7 113 37.5899
7 114 84.5281
7 115 78.848
7 116 13.4164
7 117 57.9741
7 118 20.2485
7 119 32.1403
7 120 62.3699
7 121 89.2749
7 122 85.2115
7 123 31.4006
7 124 80.4984
7 125 13.0
7 126 29.1548
7 127 68.884
7 128 22.0227
7 129 61.2046
7 130 3.1623
7 131 63.6003
7 132 106.0
7 133 74.6257
7 134 69.8713
7 135 77.2334
7 136 52.469
7 137 22.2036
7 138 92.7631
7 139 89.2693
8 0 41.8808
8 1 28.1603
8 2 73.0616
8 3 75.2396
8 4 46.0977
8 5 28.8444
8 6 23.1948
8 7 67.1789
8 8 0.0
8 9 31.0644
8 10 25.9615
8 11 29.8329
8 12 66.8506
8 13 33.2415
8 14 47.8853
8 15 45.0444
8 16 36.8782
8 17 43.8634
8 18 38.6005
8 19 58.7963
8 20 30.0
8 21 61.0737
8 22 74.3034
8 23 37.6563
8 24 34.9857
8 25 74.0
8 26 60.1332
8 27 58.6941
8 28 23.6008
8 29 59.5483
8 30 41.6773
8 31 42.9418
8 32 68.6003
8 33 13.6015
8 34 12.53
8 35 42.19
8 36 56.2939
8 37 64.4438
8 38 70.6116
8 39 49.366
8 40 54.5711
8 41 70.214
8 42 20.1246
8 43 34.7131
8 44 3.6056
8 45 20.2237
8 46 77.3692
8 47 10.7703
8 48 80.1311
8 49 47.2017
8 50 32.0156
8 51 44.8219
8 52 52.2015
8 53 60.8769
8 54 60.5392
8 55 41.7732
8 56 19.2094
8 57 57.28
8 58 58.0086
8 59 16.7631
8 60 22.3607
8 61 27.1662
8 62 52.2015
8 63 64.4748
8 64 42.2019
8 65 26.4197
8 66 18.4391
8 67 26.3059
8 68 43.1856
8 69 12.7279
8 70 21.8403
8 71 48.6004
8 72 6.4031
8 73 59.8164
8 74 61.8547
8 75 34.0147
8 76 58.7282
8 77 39.6232
8 78 42.7551
8 79 62.2415
8 80 83.5464
8 81 5.831
8 82 34.9285
8 83 3.1623
8 84 77.0065
8 85 17.8885
8 86 7.0711
8 87 30.0167
8 88 54.0833
8 89 29.6816
8 90 5.6569
8 91 35.4401
8 92 55.0818
8 93 38.0132
8 94 57.6281
8 95 35.609
8 96 80.7217
8 97 36.1248
8 98 21.1896
8 99 21.2603
8 100 43.1741
8 101 47.4131
8 102 49.2443
8 103 5.099
8 104 55.2268
8 105 51.0098
8 106 66.6108
8 107 58.5918
8 108 47.676
8 109 35.2278
8 110 42.19
8 111 44.7214
8 112 22.8035
8 113 32.6497
8 114 73.4302
8 115 74.8465
8 116 64.3506
8 117 63.6396
8 118 61.7171
8 119 53.1601
8 120 37.6962
8 121 58.6941
8 122 21.2132
8 123 36.4005
8 124 26.4008
8 125 73.2393
8 126 42.0595
8 127 62.6259
8 128 53.2353
8 129 43.9659
8 130 64.3506
8 131 67.4685
8 132 43.7379
8 133 16.5529
8 134 62.9682
8 135 60.4152
8 136 41.3038
8 137 82.6801
8 138 26.0768
8 139 52.6308
9 0 10.8167
9 1 53.535
9 2 80.7527
9 3 86.093
9 4 74.2024
9 5 50.01
9 6 23.7697
9 7 68.3081
9 8 31.0644
9 9 0.0
9 10 51.9711
9 11 24.1868
9 12 94.0319
9 13 57.2189
9 14 59.0762
9 15 26.8701
9 16 67.8012
9 17 74.411
9 18 68.593
9 19 58.8218
9 20 35.0571
9 21 91.2195
9 22 102.8008
9 23 57.2451
9 24 4.1231
9 25 100.3444
9 26 80.0812
9 27 60.1664
9 28 31.7805
9 29 63.3482
9 30 62.1289
9 31 12.3693
9 32 98.3514
9 33 18.3848
9 34 43.566
9 35 71.1688
9 36 73.3485
9 37 67.1863
9 38 95.2733
9 39 25.4951
9 40 40.3609
9 41 75.505
9 42 35.0143
9 43 25.2982
9 44 31.305
9 45 15.2315
9 46 105.4372
9 47 26.4008
9 48 87.9659
9 49 77.0779
9 50 46.6905
9 51 61.9839
9 52 40.0
9 53 61.0328
9 54 50.0
9 55 72.2496
9 56 34.9285
9 57 59.6657
9 58 64.4981
9 59 39.1152
9 60 22.561
9 61 25.0799
9 62 23.0217
9 63 92.0869
9 64 67.3647
9 65 14.3178
9 66 14.3178
9 67 21.0
9 68 49.0918
9 69 43.6005
9 70 42.9418
9 71 78.492
9 72 31.1127
9 73 64.9384
9 74 57.6975
9 75 31.4006
9 76 61.6117
9 77 55.9017
9 78 29.6816
9 79 74.0068
9 80 84.5044
9 81 36.8917
9 82 31.5753
9 83 29.2062
9 84 80.7775
9 85 48.8774
9 86 26.1725
9 87 41.9762
9 88 43.0116
9 89 51.0098
9 90 36.6197
9 91 10.6301
9 92 75.5844
9 93 66.4831
9 94 62.8013
9 95 45.1774
9 96 81.9329
9 97 60.4152
9 98 41.5933
9 99 42.107
9 100 73.1642
9 101 42.1545
9 102 19.2354
9 103 34.8855
9 104 36.4005
9 105 73.1642
9 106 96.2601
9 107 69.0072
9 108 72.4707
9 109 22.8473
9 110 71.5052
9 111 39.5601
9 112 32.3883
9 113 32.1403
9 114 102.0049
9 115 102.0833
9 116 71.5681
9 117 87.3212
9 118 72.0278
9 119 68.884
9 120 65.6049
9 121 89.3756
9 122 29.2746
9 123 46.1736
9 124 16.5529
9 125 78.6448
9 126 54.3323
9 127 89.3588
9 128 64.0078
9 129 16.4924
9 130 65.146
9 131 92.1358
9 132 69.5845
9 133 19.105
9 134 89.8888
9 135 29.5466
9 136 65.7647
9 137 88.8426
9 138 48.0937
9 139 83.6002
10 0 62.0967
10 1 41.3401
10 2 93.5094
10 3 93.8136
10 4 49.366
10 5 9.0554
10 6 32.249
10 7 90.6035
10 8 25.9615
10 9 51.9711
10 10 0.0
10 11 55.7853
10 12 69.0
10 13 7.8102
10 14 68.593
10 15 70.5762
10 16 31.1448
10 17 39.3192
10 18 38.0526
10 19 82.9277
10 20 55.0091
10 21 55.7853
10 22 72.8354
10 23 54.4059
10 24 56.0892
10 25 77.0065
10 26 73.0068
10 27 82.4197
10 28 48.7545
10 29 82.4621
10 30 17.8045
10 31 64.3273
10 32 64.0312
10 33 38.1182
10 34 19.105
10 35 20.2485
10 36 72.2011
10 37 87.4586
10 38 76.6551
10 39 74.0068
10 40 80.5233
10 41 91.9348
10 42 19.4165
10 43 60.6383
10 44 23.3452
10 45 45.1774
10 46 76.6551
10 47 36.6879
10 48 100.1249
10 49 45.0999
10 50 18.6815
10 51 23.2594
10 52 78.1601
10 53 84.8764
10 54 86.3771
10 55 38.1182
10 56 43.0465
10 57 80.8022
10 58 79.9812
10 59 37.8021
10 60 32.6497
10 61 34.4093
10 62 74.8131
10 63 66.0076
10 64 16.2788
10 65 41.2311
10 66 37.6563
10 67 52.1728
10 68 66.6108
10 69 22.6274
10 70 41.7732
10 71 46.1736
10 72 31.3847
10 73 82.2192
10 74 86.8332
10 75 59.808
10 76 82.0061
10 77 20.3961
10 78 68.6586
10 79 81.2158
10 80 106.4049
10 81 22.3607
10 82 60.7454
10 83 29.1204
10 84 99.0353
10 85 17.4929
10 86 32.9848
10 87 21.4709
10 88 80.0062
10 89 9.0
10 90 23.7065
10 91 59.0762
10 92 68.0294
10 93 15.2643
10 94 80.1561
10 95 58.6003
10 96 103.5857
10 97 48.3011
10 98 41.8688
10 99 11.4018
10 100 24.0416
10 101 73.0068
10 102 71.1969
10 103 20.8806
10 104 80.895
10 105 62.7694
10 106 62.5859
10 107 78.6448
10 108 56.6127
10 109 61.0
10 110 43.1045
10 111 70.3847
10 112 24.2074
10 113 58.3095
10 114 71.8471
10 115 76.1052
10 116 85.5628
10 117 71.8053
10 118 81.5659
10 119 70.4557
10 120 43.4166
10 121 50.9215
10 122 26.0768
10 123 59.203
10 124 39.8121
10 125 94.7523
10 126 62.9365
10 127 66.1211
10 128 73.5935
10 129 67.2681
10 130 88.0057
10 131 73.8241
10 132 18.0278
10 133 32.9848
10 134 66.0681
10 135 81.0432
10 136 52.0
10 137 103.3925
10 138 7.6158
10 139 43.0813
11 0 30.5941
11 1 38.2753
11 2 56.5685
11 3 62.0081
11 4 59.4054
11 5 57.7754
11 6 39.6989
11 7 44.7772
11 8 29.8329
11 9 24.1868
11 10 55.7853
11 11 0.0
11 12 77.0779
11 13 62.9365
11 14 35.5106
11 15 16.7631
11 16 59.4811
11 17 64.0781
11 18 57.2713
11 19 35.3412
11 20 12.083
11 21 78.8923
11 22 87.1149
11 23 37.2022
11 24 25.02
11 25 82.3286
11 26 58.6003
11 27 36.4005
11 28 12.2066
11 29 39.2938
11 30 70.7743
11 31 28.4605
11 32 84.8764
11 33 19.4165
11 34 40.0125
11 35 71.0634
11 36 50.9215
11 37 43.3244
11 38 76.0263
11 39 23.8537
11 40 24.7386
11 41 51.4198
11 42 45.4863
11 43 5.0
11 44 32.573
11 45 13.4536
11 46 89.1067
11 47 19.2354
11 48 63.7887
11 49 64.8845
11 50 58.5235
11 51 72.9452
11 52 22.4722
11 53 37.5766
11 54 31.3847
11 55 61.8466
11 56 18.7883
11 57 35.7351
11 58 40.3113
11 59 25.632
11 60 38.2884
11 61 42.8019
11 62 32.0156
11 63 75.6902
11 64 72.0347
11 65 34.0
11 66 27.0185
11 67 4.2426
11 68 25.0
11 69 38.0526
11 70 26.9258
11 71 66.242
11 72 25.0799
11 73 40.7922
11 74 35.609
11 75 7.2801
11 76 37.6431
11 77 67.2309
11 78 13.0384
11 79 50.1597
11 80 61.2699
11 81 34.2345
11 82 7.6158
11 83 26.6833
11 84 56.921
11 85 45.0111
11 86 22.8035
11 87 55.0
11 88 24.5967
11 89 58.6941
11 90 33.1361
11 91 17.72
11 92 54.5894
11 93 67.2681
11 94 38.6394
11 95 22.1359
11 96 58.6003
11 97 43.1856
11 98 25.5539
11 99 49.6588
11 100 71.0634
11 101 19.8494
11 102 31.3847
11 103 34.9285
11 104 26.0768
11 105 53.2541
11 106 82.662
11 107 45.0444
11 108 54.4885
11 109 6.7082
11 110 58.6686
11 111 17.0294
11 112 45.4533
11 113 8.0
11 114 86.4523
11 115 84.8999
11 116 47.3814
11 117 67.6757
11 118 48.0104
11 119 46.1736
11 120 51.3128
11 121 78.721
11 122 42.5206
11 123 23.0868
11 124 35.8469
11 125 54.5711
11 126 31.3209
11 127 72.1388
11 128 40.1995
11 129 23.8537
11 130 41.6293
11 131 73.0068
11 132 73.5459
11 133 31.1127
11 134 72.8354
11 135 43.2666
11 136 48.0833
11 137 64.7611
11 138 55.1543
11 139 74.6726
12 0 104.0433
12 1 40.4969
12 2 62.0081
12 3 55.4437
12 4 20.8806
12 5 78.0064
12 6 89.493
12 7 73.3485
12 8 66.8506
12 9 94.0319
12 10 69.0
12 11 77.0779
12 12 0.0
12 13 74.2428
12 14 52.0
12 15 92.1954
12 16 38.1182
12 17 30.4138
12 18 31.0644
12 19 72.7324
12 20 65.8559
12 21 20.5183
12 22 11.4018
12 23 40.6079
12 24 97.0824
12 25 8.0623
12 26 29.0689
12 27 70.214
12 28 65.1153
12 29 66.2193
12 30 83.7257
12 31 103.407
12 32 17.4642
12 33 76.1577
12 34 57.7235
12 35 60.4401
12 36 37.6563
12 37 69.4262
12 38 12.2066
12 39 100.4988
12 40 92.1141
12 41 66.1891
12 42 81.5843
12 43 80.6598
12 44 68.9493
12 45 79.0569
12 46 12.2066
12 47 67.7422
12 48 64.4981
12 49 24.1868
12 50 87.1436
12 51 90.5539
12 52 88.5099
12 53 73.0821
12 54 89.8999
12 55 31.1448
12 56 59.8164
12 57 68.3081
12 58 60.8769
12 59 54.9181
12 60 88.8651
12 61 93.3006
12 62 108.9771
12 63 3.1623
12 64 73.7564
12 65 93.1075
12 66 84.5281
12 67 77.2334
12 68 61.7738
12 69 55.3624
12 70 51.4004
12 71 23.3452
12 72 63.9531
12 73 63.7887
12 74 80.6536
12 75 73.7564
12 76 67.72
12 77 89.0898
12 78 86.0523
12 79 50.2494
12 80 81.0
12 81 62.2977
12 82 74.5185
12 83 67.1193
12 84 72.0069
12 85 54.7449
12 86 68.884
12 87 88.5664
12 88 87.818
12 89 78.0
12 90 61.6847
12 91 93.086
12 92 28.8617
12 93 62.3699
12 94 63.3246
12 95 58.0086
12 96 79.0253
12 97 34.0588
12 98 52.8015
12 99 76.531
12 100 54.7083
12 101 78.032
12 102 107.8147
12 103 66.0984
12 104 98.2293
12 105 26.4008
12 106 16.1245
12 107 52.9528
12 108 22.6716
12 109 83.4506
12 110 26.1725
12 111 77.3886
12 112 86.122
12 113 71.5891
12 114 11.1803
12 115 8.0623
12 116 60.531
12 117 16.0312
12 118 53.4603
12 119 41.4849
12 120 29.1548
12 121 27.0185
12 122 85.8662
12 123 57.4282
12 124 93.2309
12 125 67.0298
12 126 51.4782
12 127 5.0
12 128 52.2015
12 129 100.5684
12 130 73.0068
12 131 11.7047
12 132 72.2772
12 133 83.3847
12 134 4.2426
12 135 119.8541
12 136 29.0
12 137 69.4622
12 138 76.0592
12 139 33.121
13 0 66.9104
13 1 48.8262
13 2 101.2373
13 3 101.4002
13 4 55.3173
13 5 8.0623
13 6 35.7351
13 7 98.4073
13 8 33.2415
13 9 57.2189
13 10 7.8102
13 11 62.9365
13 12 74.2428
13 13 0.0
13 14 76.3675
13 15 77.2787
13 16 36.1248
13 17 44.0114
13 18 43.7379
13 19 90.6973
13 20 62.6498
13 21 59.5399
13 22 77.1622
13 23 62.0081
13 24 61.2944
13 25 82.2982
13 26 80.0562
13 27 90.2109
13 28 56.356
13 29 90.2718
13 30 10.2956
13 31 69.4622
13 32 67.7422
13 33 44.7214
13 34 26.9072
13 35 19.4165
13 36 79.6116
13 37 95.268
13 38 82.5651
13 39 80.2247
13 40 87.6413
13 41 99.7246
13 42 22.8035
13 43 67.72
13 44 30.3645
13 45 51.788
13 46 81.0987
13 47 44.0114
13 48 107.8147
13 49 50.0899
13 50 17.0294
13 51 16.4924
13 52 85.3815
13 53 92.6553
13 54 93.7763
13 55 43.1045
13 56 50.774
13 57 88.6002
13 58 87.7838
13 59 45.607
13 60 36.4005
13 61 37.1618
13 62 80.2247
13 63 71.1758
13 64 10.198
13 65 45.3542
13 66 43.0465
13 67 59.203
13 68 74.4043
13 69 30.4138
13 70 49.5782
13 71 51.0392
13 72 38.9102
13 73 90.0278
13 74 94.5145
13 75 67.2309
13 76 89.8109
13 77 15.1327
13 78 75.6902
13 79 88.8651
13 80 114.2147
13 81 30.0167
13 82 68.1542
13 83 36.4005
13 84 106.8316
13 85 25.0
13 86 40.1622
13 87 21.2603
13 88 87.3155
13 89 7.2111
13 90 31.3847
13 91 65.0308
13 92 75.1332
13 93 14.7648
13 94 87.9659
13 95 66.4003
13 96 111.3957
13 97 55.5698
13 98 49.679
13 99 15.1327
13 100 24.5967
13 101 80.5295
13 102 76.4199
13 103 28.2312
13 104 87.6641
13 105 69.7782
13 106 66.4831
13 107 86.3713
13 108 63.3246
13 109 67.9117
13 110 48.8365
13 111 77.8781
13 112 26.9258
13 113 65.7951
13 114 76.1643
13 115 81.0247
13 116 93.3381
13 117 78.1601
13 118 89.2749
13 119 78.0064
13 120 49.98
13 121 54.1295
13 122 29.4109
13 123 67.0075
13 124 43.6807
13 125 102.5329
13 126 70.7248
13 127 71.7008
13 128 81.3449
13 129 73.0068
13 130 95.8019
13 131 79.8311
13 132 12.6491
13 133 38.1182
13 134 71.5681
13 135 85.703
13 136 59.0339
13 137 111.1261
13 138 9.2195
13 139 46.0977
14 0 66.0984
14 1 29.5296
14 2 25.2389
14 3 27.8927
14 4 42.0
14 5 74.6525
14 6 68.0074
14 7 24.7386
14 8 47.8853
14 9 59.0762
14 10 68.593
14 11 35.5106
14 12 52.0
14 13 76.3675
14 14 0.0
14 15 45.6508
14 16 54.0833
14 17 53.9351
14 18 47.2969
14 19 21.2132
14 20 24.0208
14 21 62.2013
14 22 63.3246
14 23 16.7631
14 24 60.407
14 25 54.7083
14 26 26.1725
14 27 19.0263
14 28 28.2843
14 29 16.2788
14 30 86.3134
14 31 63.7887
14 32 65.307
14 33 47.0744
14 34 49.5177
14 35 75.2928
14 36 17.0294
14 37 20.8806
14 38 46.6154
14 39 54.5894
14 40 41.7253
14 41 23.4307
14 42 68.0
14 43 36.6879
14 44 51.4782
14 45 45.0999
14 46 63.9766
14 47 40.1622
14 48 32.249
14 49 51.1566
14 50 79.6116
14 51 90.9065
14 52 38.1838
14 53 22.0227
14 54 38.0789
14 55 52.1728
14 56 29.1548
14 57 17.0294
14 58 12.083
14 59 31.6228
14 60 66.7608
14 61 71.8401
14 62 65.3911
14 63 51.8652
14 64 82.4621
14 65 65.7647
14 66 57.0701
14 67 38.1182
14 68 11.6619
14 69 45.9674
14 70 27.0185
14 71 52.0865
14 72 41.5933
14 73 14.8661
14 74 28.8617
14 75 29.1204
14 76 17.0294
14 77 86.4002
14 78 38.9487
14 79 15.1327
14 80 38.5876
14 81 48.0104
14 82 29.4109
14 83 45.618
14 84 30.6105
14 85 51.7397
14 86 44.0114
14 87 77.8974
14 88 36.8782
14 89 75.2861
14 90 46.6154
14 91 53.1507
14 92 23.8537
14 93 73.4983
14 94 13.3417
14 95 14.0357
14 96 35.8469
14 97 26.6833
14 98 27.2029
14 99 68.2422
14 100 72.45
14 101 27.5862
14 102 65.7875
14 103 51.3128
14 104 48.9183
14 105 25.632
14 106 63.1506
14 107 10.7703
14 108 31.4006
14 109 39.8497
14 110 45.3982
14 111 27.8029
14 112 70.2638
14 113 27.6586
14 114 62.9682
14 115 58.5918
14 116 16.9706
14 117 38.2753
14 118 13.9284
14 119 12.0416
14 120 37.6563
14 121 65.0077
14 122 68.1542
14 123 13.0384
14 124 67.082
14 125 26.1725
14 126 5.831
14 127 47.1699
14 128 5.3852
14 129 58.1893
14 130 23.1948
14 131 44.1022
14 132 82.801
14 133 59.203
14 134 48.1041
14 135 77.0779
14 136 28.0179
14 137 35.0
14 138 71.8401
14 139 64.6297
15 0 26.9258
15 1 54.5894
15 2 61.5224
15 3 68.6586
15 4 75.4718
15 5 71.3092
15 6 48.8774
15 7 46.0435
15 8 45.0444
15 9 26.8701
15 10 70.5762
15 11 16.7631
15 12 92.1954
15 13 77.2787
15 14 45.6508
15 15 0.0
15 16 76.243
15 17 80.7775
15 18 73.9256
15 19 37.0135
15 20 26.4008
15 21 95.2943
15 22 102.6158
15 23 51.6624
15 24 25.0
15 25 96.8762
15 26 71.0282
15 27 39.1152
15 28 28.6356
15 29 43.4166
15 30 84.2021
15 31 23.0868
15 32 101.0198
15 33 32.5576
15 34 56.1427
15 35 87.023
15 36 62.434
15 37 46.0435
15 38 89.9389
15 39 8.9443
15 40 13.6015
15 41 55.1453
15 42 57.5847
15 43 12.083
15 44 47.2652
15 45 25.4951
15 46 104.3504
15 47 35.0571
15 48 68.2642
15 49 81.3941
15 50 70.3847
15 51 85.44
15 52 13.9284
15 53 39.0
15 54 23.7065
15 55 78.5493
15 56 35.4683
15 57 39.3192
15 58 46.3249
15 59 42.3792
15 60 47.5079
15 61 51.0392
15 62 20.3961
15 63 91.0494
15 64 86.8332
15 65 40.6079
15 66 36.6742
15 67 19.105
15 68 34.0
15 69 54.4518
15 70 43.382
15 71 82.7345
15 72 41.1096
15 73 45.7056
15 74 33.541
15 75 18.4391
15 76 41.3038
15 77 79.4796
15 78 6.7082
15 79 58.5235
15 80 61.0
15 81 50.01
15 82 17.6918
15 83 42.0119
15 84 59.0339
15 85 61.2944
15 86 38.0132
15 87 66.2118
15 88 17.088
15 89 72.2772
15 90 49.0408
15 91 16.2788
15 92 67.624
15 93 83.006
15 94 43.9318
15 95 34.7131
15 96 58.6941
15 97 58.8218
15 98 42.0476
15 99 63.0635
15 100 87.367
15 101 20.2237
15 102 22.0
15 103 50.0899
15 104 10.4403
15 105 67.2086
15 106 98.7927
15 107 53.1413
15 108 69.527
15 109 10.198
15 110 75.1332
15 111 18.6815
15 112 56.3649
15 113 20.6155
15 114 102.0049
15 115 99.8248
15 116 52.9528
15 117 81.4678
15 118 55.6597
15 119 57.4543
15 120 67.6018
15 121 95.3415
15 122 53.2259
15 123 35.4683
15 124 42.8019
15 125 58.0775
15 126 43.0116
15 127 87.2067
15 128 49.2443
15 129 15.2971
15 130 43.0116
15 131 87.046
15 132 88.5664
15 133 41.6293
15 134 87.9659
15 135 32.0156
15 136 63.4114
15 137 68.0074
15 138 68.884
15 139 91.4166
16 0 78.6003
16 1 25.318
16 2 75.8024
16 3 73.4098
16 4 20.1246
16 5 40.1995
16 6 56.3028
16 7 78.7464
16 8 36.8782
16 9 67.8012
16 10 31.1448
16 11 59.4811
16 12 38.1182
16 13 36.1248
16 14 54.0833
16 15 76.243
16 16 0.0
16 17 8.2462
16 18 8.6023
16 19 73.5459
16 20 52.345
16 21 25.4951
16 22 41.7732
16 23 37.3363
16 24 71.6101
16 25 46.1736
16 26 48.1664
16 27 72.0347
16 28 48.0521
16 29 70.214
16 30 45.7056
16 31 79.3221
16 32 33.6155
16 33 49.6488
16 34 24.7588
16 35 24.4131
16 36 50.6063
16 37 74.9466
16 38 46.8402
16 39 82.6378
16 40 81.7435
16 41 76.4853
16 42 46.0977
16 43 64.2884
16 44 37.4833
16 45 55.0727
16 46 45.5412
16 47 42.9418
16 48 81.2712
16 49 14.0
16 50 49.6488
16 51 52.469
16 52 78.5175
16 53 74.9533
16 54 84.006
16 55 7.0
16 56 41.0
16 57 70.0928
16 58 66.1287
16 59 33.9559
16 60 56.0357
16 61 59.6825
16 62 87.7097
16 63 35.0571
16 64 36.4005
16 65 62.3699
16 66 55.1725
16 67 57.5847
16 68 57.5587
16 69 24.2074
16 70 34.1321
16 71 15.0333
16 72 37.2156
16 73 68.9493
16 74 79.7621
16 75 59.8415
16 76 70.6045
16 77 51.0098
16 78 71.8053
16 79 62.434
16 80 92.1954
16 81 31.1448
16 82 60.8276
16 83 38.6005
16 84 83.6301
16 85 20.0
16 86 41.8808
16 87 51.6624
16 88 79.2275
16 89 40.1123
16 90 31.241
16 91 70.7107
16 92 43.8406
16 93 25.0799
16 94 67.3573
16 95 50.1597
16 96 89.5545
16 97 27.7308
16 98 35.2278
16 99 39.8497
16 100 19.799
16 101 70.0286
16 102 85.235
16 103 33.9706
16 104 85.1469
16 105 38.1838
16 106 31.9531
16 107 61.7171
16 108 30.4795
16 109 66.0984
16 110 13.4164
16 111 68.1175
16 112 50.9902
16 113 57.7062
16 114 40.7922
16 115 45.0111
16 116 69.7782
16 117 43.382
16 118 64.0078
16 119 50.774
16 120 17.8045
16 121 22.0227
16 122 51.4782
16 123 50.2494
16 124 61.8466
16 125 78.7147
16 126 49.7293
16 127 35.6931
16 128 57.7754
16 129 79.177
16 130 76.922
16 131 44.2719
16 132 35.3412
16 133 52.4023
16 134 35.5106
16 135 96.7988
16 136 28.6007
16 137 85.44
16 138 38.4708
16 139 15.8114
17 0 85.1469
17 1 27.2947
17 2 73.8241
17 3 70.4911
17 4 14.8661
17 5 48.3735
17 6 64.1405
17 7 78.6448
17 8 43.8634
17 9 74.411
17 10 39.3192
17 11 64.0781
17 12 30.4138
17 13 44.0114
17 14 53.9351
17 15 80.7775
17 16 8.2462
17 17 0.0
17 18 7.0711
17 19 74.3303
17 20 55.7853
17 21 17.4929
17 22 33.541
17 23 37.3363
17 24 78.1025
17 25 38.4708
17 26 44.0454
17 27 72.5603
17 28 52.2015
17 29 70.214
17 30 53.3385
17 31 85.6037
17 32 25.4951
17 33 56.0803
17 34 32.2025
17 35 30.4631
17 36 47.8853
17 37 74.7329
17 38 39.9249
17 39 87.6641
17 40 85.1469
17 41 75.2728
17 42 54.231
17 43 68.7095
17 44 44.8219
17 45 61.0328
17 46 37.3363
17 47 48.8262
17 48 78.7718
17 49 6.3246
17 50 57.8705
17 51 60.208
17 52 81.7863
17 53 75.5381
17 54 86.4696
17 55 2.2361
17 56 45.31
17 57 70.5762
17 58 65.7343
17 59 38.4838
17 60 63.8122
17 61 67.6018
17 62 93.4933
17 63 27.2947
17 64 43.4166
17 65 69.814
17 66 62.2896
17 67 62.6099
17 68 59.0
17 69 31.1448
17 70 37.6431
17 71 7.0711
17 72 43.4166
17 73 68.6586
17 74 81.0555
17 75 63.6003
17 76 70.859
17 77 59.0085
17 78 75.8947
17 79 60.4152
17 80 91.0824
17 81 38.2884
17 82 64.56
17 83 45.2769
17 84 82.28
17 85 27.7849
17 86 48.2701
17 87 59.9083
17 88 82.201
17 89 48.2597
17 90 38.2099
17 91 76.5506
17 92 40.2244
17 93 32.0156
17 94 67.2681
17 95 52.1536
17 96 88.5438
17 97 27.2947
17 98 38.8973
17 99 48.0833
17 100 25.0599
17 101 72.6911
17 102 91.2634
17 103 41.4005
17 104 89.1852
17 105 34.6699
17 106 23.7697
17 107 60.407
17 108 26.6271
17 109 70.7743
17 110 8.9443
17 111 71.0211
17 112 59.0931
17 113 61.4003
17 114 32.5576
17 115 37.0135
17 116 68.6222
17 117 37.4433
17 118 62.3939
17 119 48.8467
17 120 16.2788
17 121 15.0
17 122 59.4811
17 123 52.0865
17 124 69.4046
17 125 77.2528
17 126 50.2494
17 127 28.4605
17 128 57.0088
17 129 84.9058
17 130 77.1038
17 131 37.5766
17 132 42.0595
17 133 59.8164
17 134 28.1603
17 135 103.0049
17 136 26.5707
17 137 83.1865
17 138 46.6905
17 139 11.0454
18 0 79.2465
18 1 20.2237
18 2 68.0
18 3 65.215
18 4 11.7047
18 5 47.0106
18 6 59.9333
18 7 72.0347
18 8 38.6005
18 9 68.593
18 10 38.0526
18 11 57.2713
18 12 31.0644
18 13 43.7379
18 14 47.2969
18 15 73.9256
18 16 8.6023
18 17 7.0711
18 18 0.0
18 19 67.4759
18 20 48.7647
18 21 22.6274
18 22 36.4005
18 23 30.5941
18 24 72.1803
18 25 39.0128
18 26 39.6232
18 27 65.7647
18 28 45.31
18 29 63.561
18 30 53.6004
18 31 79.511
18 32 30.0
18 33 50.2096
18 34 27.7308
18 35 33.0151
18 36 42.4382
18 37 68.1542
18 38 38.833
18 39 80.9506
18 40 78.1025
18 41 69.0797
18 42 50.9608
18 43 61.8466
18 44 39.9625
18 45 54.8179
18 46 39.8497
18 47 42.638
18 48 73.2462
18 49 8.6023
18 50 56.0803
18 51 60.208
18 52 74.7329
18 53 68.7314
18 54 79.404
18 55 5.0
18 56 38.4838
18 57 63.7887
18 58 59.203
18 59 31.7648
18 60 59.4811
18 61 63.561
18 62 87.0919
18 63 28.1603
18 64 44.7772
18 65 64.8999
18 66 57.0088
18 67 55.9464
18 68 52.0096
18 69 26.0768
18 70 30.6757
18 71 10.0
18 72 37.4833
18 73 62.0967
18 74 74.108
18 75 56.6127
18 76 64.1327
18 77 58.3095
18 78 68.9493
18 79 54.5894
18 80 84.8646
18 81 33.2866
18 82 57.5674
18 83 39.6989
18 84 76.1577
18 85 24.0416
18 86 42.4264
18 87 57.5587
18 88 75.1332
18 89 47.0425
18 90 33.0151
18 91 70.214
18 92 35.3836
18 93 33.541
18 94 60.6383
18 95 45.0999
18 96 82.28
18 97 20.6155
18 98 31.9531
18 99 45.5412
18 100 28.3196
18 101 65.6201
18 102 85.0
18 103 36.7151
18 104 82.2192
18 105 29.7321
18 106 28.0179
18 107 54.231
18 108 21.9317
18 109 63.9766
18 110 5.099
18 111 63.9531
18 112 55.6597
18 113 54.4059
18 114 35.4683
18 115 38.4708
18 116 62.3939
18 117 34.9285
18 118 56.3649
18 119 42.9418
18 120 9.8489
18 121 21.4709
18 122 55.7136
18 123 45.0444
18 124 64.6607
18 125 71.1758
18 126 43.4166
18 127 28.0713
18 128 50.5964
18 129 78.492
18 130 70.406
18 131 36.1386
18 132 43.8292
18 133 54.9181
18 134 28.0179
18 135 96.8297
18 136 20.5913
18 137 77.5242
18 138 45.0111
18 139 18.1108
19 0 62.6498
19 1 48.2701
19 2 25.0
19 3 33.1059
19 4 63.0714
19 5 87.4586
19 6 74.3303
19 7 9.4868
19 8 58.7963
19 9 58.8218
19 10 82.9277
19 11 35.3412
19 12 72.7324
19 13 90.6973
19 14 21.2132
19 15 37.0135
19 16 73.5459
19 17 74.3303
19 18 67.4759
19 19 0.0
19 20 29.0
19 21 83.3847
19 22 84.119
19 23 37.054
19 24 58.6941
19 25 74.7329
19 26 45.1774
19 27 2.8284
19 28 35.3553
19 29 7.8102
19 30 100.0
19 31 59.3043
19 32 86.4928
19 33 53.0094
19 34 64.1405
19 35 92.8493
19 36 35.7771
19 37 9.0554
19 38 66.1891
19 39 45.2769
19 40 27.5136
19 41 18.2483
19 42 77.8332
19 43 33.5261
19 44 62.2896
19 45 48.3735
19 46 84.5044
19 47 48.7955
19 48 31.4006
19 49 72.0069
19 50 90.5097
19 51 103.5857
19 52 24.7386
19 53 2.2361
19 54 20.0
19 55 72.4431
19 56 40.0
19 57 4.4721
19 58 12.8062
19 59 45.2769
19 60 72.9452
19 61 77.6981
19 62 57.2189
19 63 72.8011
19 64 98.1122
19 65 69.3181
19 66 61.9112
19 67 39.3573
19 68 16.5529
19 69 60.9016
19 70 42.0476
19 71 73.0
19 72 52.4976
19 73 10.6301
19 74 8.0623
19 75 28.178
19 76 5.6569
19 77 98.4124
19 78 31.0644
19 79 26.1725
19 80 25.9422
19 81 60.803
19 82 27.7308
19 83 55.9017
19 84 22.2036
19 85 67.5352
19 86 53.0377
19 87 87.7838
19 88 22.1359
19 89 88.2383
19 90 59.4054
19 91 50.01
19 92 44.0114
19 93 90.377
19 94 10.0
19 95 24.5967
19 96 23.2594
19 97 47.0956
19 98 41.5933
19 99 80.0562
19 100 90.7579
19 101 17.1172
19 102 59.0085
19 103 63.2535
19 104 35.7351
19 105 46.5725
19 106 84.3445
19 107 21.4009
19 108 52.6118
19 109 36.1386
19 110 66.0681
19 111 19.4165
19 112 78.8733
19 113 28.3019
19 114 83.8153
19 115 78.924
19 116 17.4929
19 117 58.1808
19 118 22.6274
19 119 31.3847
19 120 58.1378
19 121 86.0233
19 122 76.2168
19 123 24.1661
19 124 71.1196
19 125 21.095
19 126 24.0832
19 127 68.0074
19 128 20.6155
19 129 52.0384
19 130 6.3246
19 131 63.9766
19 132 98.8838
19 133 65.4599
19 134 68.9638
19 135 68.593
19 136 49.0408
19 137 31.0
19 138 84.6463
19 139 85.2115
20 0 42.45
20 1 28.7924
20 2 46.8402
20 3 51.3517
20 4 49.2443
20 5 58.8218
20 6 46.0652
20 7 37.8021
20 8 30.0
20 9 35.0571
20 10 55.0091
20 11 12.083
20 12 65.8559
20 13 62.6498
20 14 24.0208
20 15 26.4008
20 16 52.345
20 17 55.7853
20 18 48.7647
20 19 29.0
20 20 0.0
20 21 69.3542
20 22 76.2168
20 23 25.4951
20 24 36.4966
20 25 70.7672
20 26 46.5188
20 27 29.2062
20 28 6.4031
20 29 30.8869
20 30 71.5612
20 31 40.4969
20 32 74.793
20 33 24.5967
20 34 37.0
20 35 67.4685
20 36 38.8973
20 37 35.5106
20 38 64.2028
20 39 34.6554
20 40 29.4279
20 41 42.5441
20 42 48.8365
20 43 14.8661
20 44 33.4215
20 45 21.3776
20 46 77.9872
20 47 19.799
20 48 54.1202
20 49 55.7136
20 50 61.5224
20 51 74.8131
20 52 26.1725
20 53 31.1448
20 54 32.3883
20 55 53.6004
20 56 12.3693
20 57 28.0179
20 58 30.6757
20 59 19.105
20 60 44.7214
20 61 49.6588
20 62 43.8292
20 63 64.6607
20 64 70.7743
20 65 42.45
20 66 34.176
20 67 14.1421
20 68 14.8661
20 69 34.2053
20 70 18.2483
20 71 57.0088
20 72 23.8537
20 73 31.7805
20 74 31.9061
20 75 8.0623
20 76 29.6816
20 77 69.527
20 78 20.5913
20 79 39.0128
20 80 54.4059
20 81 32.6497
20 82 8.9443
20 83 27.0185
20 84 48.7647
20 85 41.2311
20 86 24.0416
20 87 58.7963
20 88 27.0
20 89 59.6406
20 90 31.305
20 91 29.7321
20 92 42.5441
20 93 64.2884
20 94 29.5466
20 95 10.198
20 96 51.614
20 97 32.45
20 98 17.1172
20 99 51.225
20 100 66.4831
20 101 18.4391
20 102 43.4166
20 103 34.6699
20 104 33.6155
20 105 41.4005
20 106 72.5603
20 107 34.1321
20 108 43.1856
20 109 17.8045
20 110 49.3964
20 111 16.1245
20 112 50.0
20 113 5.831
20 114 75.6042
20 115 73.5527
20 116 37.6431
20 117 55.8032
20 118 37.2156
20 119 34.2053
20 120 41.6293
20 121 69.8928
20 122 47.4342
20 123 11.1803
20 124 43.9659
20 125 45.6946
20 126 19.4165
20 127 60.8769
20 128 29.0172
20 129 35.8469
20 130 34.8281
20 131 61.2209
20 132 71.8679
20 133 37.1214
20 134 61.6198
20 135 55.2268
20 136 37.0135
20 137 55.7136
20 138 56.0357
20 139 66.7083
21 0 101.8627
21 1 40.7063
21 2 77.666
21 3 72.4224
21 4 20.6155
21 5 64.7611
21 6 81.6333
21 7 86.0058
21 8 61.0737
21 9 91.2195
21 10 55.7853
21 11 78.8923
21 12 20.5183
21 13 59.5399
21 14 62.2013
21 15 95.2943
21 16 25.4951
21 17 17.4929
21 18 22.6274
21 19 83.3847
21 20 69.3542
