0 0 0.0
0 1 28.0179
0 2 31.8277
0 3 18.0
0 4 16.0312
0 5 70.5195
0 6 30.0
0 7 43.2897
0 8 82.7647
0 9 73.2462
0 10 27.2029
0 11 54.626
0 12 76.1052
0 13 82.6801
0 14 55.0091
0 15 42.107
0 16 47.8017
0 17 50.0
0 18 63.5059
0 19 105.1903
0 20 90.2497
0 21 74.5185
0 22 98.8433
0 23 58.5235
0 24 105.2616
0 25 74.108
0 26 25.318
0 27 41.4005
0 28 60.0083
0 29 25.6125
0 30 31.7805
0 31 97.6166
0 32 44.2832
0 33 70.0357
0 34 37.2022
0 35 88.1419
0 36 70.1142
0 37 53.1413
0 38 89.0225
0 39 40.1995
0 40 101.415
0 41 99.0051
0 42 22.8035
0 43 7.0711
0 44 90.0222
0 45 92.8009
0 46 100.4042
0 47 109.9864
0 48 96.4261
0 49 20.5183
0 50 81.6088
0 51 12.1655
0 52 68.6222
0 53 105.603
0 54 5.831
0 55 26.5707
0 56 38.8973
0 57 35.1141
0 58 39.0
0 59 88.8144
0 60 76.4788
0 61 43.4166
0 62 63.1585
0 63 38.8973
0 64 27.8029
0 65 47.2969
0 66 71.7008
0 67 69.4622
0 68 88.0909
0 69 94.0213
0 70 16.4924
0 71 94.3716
0 72 64.1327
0 73 44.1022
0 74 72.1388
0 75 93.3916
0 76 75.1864
0 77 83.8153
0 78 85.44
0 79 9.434
0 80 36.7696
0 81 57.3149
0 82 60.7454
0 83 57.5587
0 84 92.1792
0 85 51.0
0 86 51.0882
0 87 37.5899
0 88 83.8153
0 89 90.4268
0 90 71.5542
0 91 53.7587
0 92 4.1231
0 93 69.3109
0 94 57.1402
0 95 53.9073
0 96 67.1193
0 97 77.8267
0 98 62.8013
0 99 86.8389
0 100 72.0069
0 101 54.4518
0 102 23.0868
0 103 29.4109
0 104 13.0
0 105 53.2541
0 106 22.3607
0 107 96.5194
0 108 4.0
0 109 99.7647
0 110 63.3482
0 111 98.6813
0 112 93.9042
0 113 42.107
0 114 106.7942
0 115 38.4187
0 116 31.6228
0 117 51.2445
0 118 51.0784
0 119 77.7946
0 120 74.6726
0 121 25.0799
0 122 73.1642
0 123 81.0247
0 124 84.22
0 125 52.4309
0 126 90.2718
0 127 21.4709
0 128 32.6497
0 129 54.1202
1 0 28.0179
1 1 0.0
1 2 6.0
1 3 23.0868
1 4 38.833
1 5 58.1378
1 6 51.4296
1 7 61.6847
1 8 66.7308
1 9 70.7107
1 10 24.1868
1 11 27.6586
1 12 54.3415
1 13 88.5268
1 14 65.0308
1 15 63.561
1 16 54.3323
1 17 69.8928
1 18 80.4114
1 19 96.1769
1 20 75.4718
1 21 72.4707
1 22 88.5268
1 23 33.0151
1 24 101.0198
1 25 93.9628
1 26 21.0238
1 27 49.0408
1 28 39.9249
1 29 8.0623
1 30 49.6488
1 31 89.1067
1 32 56.1427
1 33 53.8516
1 34 38.6394
1 35 65.9242
1 36 51.0784
1 37 27.074
1 38 63.3877
1 39 59.1354
1 40 98.1835
1 41 87.4586
1 42 22.0227
1 43 30.0832
1 44 68.4471
1 45 95.8593
1 46 93.6056
1 47 106.2544
1 48 97.5756
1 49 31.0483
1 50 77.1038
1 51 17.8045
1 52 68.542
1 53 100.6032
1 54 26.1725
1 55 16.6433
1 56 43.2897
1 57 10.7703
1 58 59.6154
1 59 92.6553
1 60 84.8528
1 61 54.037
1 62 36.1386
1 63 44.1814
1 64 1.4142
1 65 63.1506
1 66 48.3735
1 67 46.6905
1 68 68.0074
1 69 85.5862
1 70 13.8924
1 71 79.404
1 72 79.7621
1 73 65.3911
1 74 72.0902
1 75 77.4145
1 76 60.4649
1 77 71.218
1 78 79.0253
1 79 30.0
1 80 50.8035
1 81 35.4401
1 82 34.3657
1 83 34.9285
1 84 77.1751
1 85 45.6508
1 86 51.5461
1 87 49.2544
1 88 70.214
1 89 93.0484
1 90 63.1269
1 91 56.7539
1 92 30.8869
1 93 70.5762
1 94 77.8332
1 95 54.0833
1 96 48.3322
1 97 69.4262
1 98 60.3738
1 99 81.6088
1 100 63.8905
1 101 71.8053
1 102 14.0
1 103 46.1736
1 104 37.0135
1 105 60.407
1 106 20.025
1 107 90.2718
1 108 25.9422
1 109 99.7296
1 110 39.1152
1 111 85.4459
1 112 70.0643
1 113 61.3514
1 114 104.9571
1 115 10.6301
1 116 34.1321
1 117 40.4599
1 118 63.0714
1 119 78.3901
1 120 63.0317
1 121 14.1421
1 122 84.0952
1 123 85.44
1 124 85.0882
1 125 59.4138
1 126 67.6018
1 127 26.3059
1 128 45.7056
1 129 26.5707
2 0 31.8277
2 1 6.0
2 2 0.0
2 3 23.3452
2 4 43.909
2 5 62.2254
2 6 56.8595
2 7 67.4463
2 8 69.8928
2 9 76.0263
2 10 30.1496
2 11 27.0
2 12 55.9732
2 13 94.3663
2 14 71.0282
2 15 69.0797
2 16 60.2993
2 17 75.5844
2 18 86.3134
2 19 100.449
2 20 78.8162
2 21 77.8203
2 22 92.6337
2 23 33.3766
2 24 105.9481
2 25 99.7246
2 26 19.2354
2 27 55.0364
2 28 42.5441
2 29 7.2801
2 30 55.3624
2 31 93.5094
2 32 62.1289
2 33 57.2014
2 34 44.5533
2 35 67.1863
2 36 53.7122
2 37 27.2947
2 38 63.0079
2 39 64.846
2 40 103.2473
2 41 91.351
2 42 28.0179
2 43 32.7567
2 44 69.9214
2 45 101.5135
2 46 98.2344
2 47 111.2205
2 48 103.0776
2 49 36.8782
2 50 82.1523
2 51 22.8254
2 52 74.0945
2 53 105.4372
2 54 30.8058
2 55 14.3178
2 56 49.2544
2 57 14.1421
2 58 65.192
2 59 98.3717
2 60 90.7965
2 61 60.0333
2 62 35.1283
2 63 50.1597
2 64 5.099
2 65 69.0507
2 66 49.4773
2 67 48.0833
2 68 70.0071
2 69 90.0278
2 70 19.3132
2 71 82.662
2 72 85.7088
2 73 70.9366
2 74 77.6209
2 75 80.455
2 76 64.0312
2 77 75.0733
2 78 83.8153
2 79 34.9857
2 80 56.7186
2 81 37.5766
2 82 34.0147
2 83 36.7696
2 84 80.4487
2 85 50.9902
2 86 57.28
2 87 55.2268
2 88 73.8783
2 89 98.6813
2 90 67.8012
2 91 62.5859
2 92 34.2053
2 93 76.2168
2 94 83.4865
2 95 59.7746
2 96 51.1077
2 97 74.027
2 98 65.7951
2 99 86.5332
2 100 68.6003
2 101 77.666
2 102 20.0
2 103 51.923
2 104 41.8808
2 105 66.3702
2 106 26.0192
2 107 95.0
2 108 29.2062
2 109 105.119
2 110 40.025
2 111 89.0225
2 112 70.5762
2 113 67.0522
2 114 110.1454
2 115 7.2801
2 116 40.1123
2 117 45.2217
2 118 69.0652
2 119 83.9345
2 120 67.1789
2 121 20.0998
2 122 90.0888
2 123 91.214
2 124 90.6201
2 125 65.3758
2 126 68.6586
2 127 32.249
2 128 51.6236
2 129 25.1794
3 0 18.0
3 1 23.0868
3 2 23.3452
3 3 0.0
3 4 34.0147
3 5 78.032
3 6 48.0
3 7 61.2046
3 8 88.2383
3 9 85.703
3 10 36.7696
3 11 50.1597
3 12 77.2787
3 13 98.387
3 14 71.5122
3 15 60.075
3 16 63.0635
3 17 68.0
3 18 81.3941
3 19 115.0
3 20 96.6075
3 21 87.2067
3 22 107.8981
3 23 56.0089
3 24 117.3882
3 25 92.0869
3 26 8.0623
3 27 56.7979
3 28 62.3618
3 29 16.1245
3 30 49.4975
3 31 107.6151
3 32 61.0328
3 33 75.2396
3 34 50.0
3 35 88.955
3 36 73.3757
3 37 50.0
3 38 86.1452
3 39 58.1378
3 40 113.9517
3 41 107.3778
3 42 32.5576
3 43 13.9284
3 44 91.4112
3 45 107.7033
3 46 111.2879
3 47 122.3806
3 48 110.6797
3 49 35.3412
3 50 93.3381
3 51 20.0
3 52 82.0061
3 53 117.3882
3 54 21.587
3 55 11.4018
3 56 53.0
3 57 33.541
3 58 57.0
3 59 103.9423
3 60 92.8493
3 61 59.808
3 62 58.4209
3 63 53.3385
3 64 22.0227
3 65 64.9384
3 66 71.4493
3 67 69.7209
3 68 90.7083
3 69 104.0192
3 70 21.2603
3 71 100.6479
3 72 81.8841
3 73 62.0725
3 74 85.6037
3 75 99.0051
3 76 81.3941
3 77 91.4166
3 78 96.3328
3 79 26.4764
3 80 53.8516
3 81 58.2495
3 82 57.0789
3 83 57.8705
3 84 98.4124
3 85 61.5549
3 86 64.2028
3 87 54.0833
3 88 90.824
3 89 105.1523
3 90 81.2158
3 91 67.9559
3 92 17.4642
3 93 83.2346
3 94 75.1066
3 95 67.0075
3 96 70.5195
3 97 87.6185
3 98 75.0733
3 99 98.3107
3 100 81.8352
3 101 72.3395
3 102 28.0179
3 103 46.8722
3 104 31.0
3 105 68.8767
3 106 31.1127
3 107 107.629
3 108 14.0
3 109 113.6002
3 110 62.2013
3 111 106.066
3 112 93.1343
3 113 60.075
3 114 119.9708
3 115 30.5941
3 116 44.4072
3 117 59.0762
3 118 68.0074
3 119 91.6079
3 120 82.6801
3 121 29.6816
3 122 90.1388
3 123 96.2549
3 124 98.2293
3 125 67.9779
3 126 90.6697
3 127 33.8378
3 128 49.3356
3 129 48.5077
4 0 16.0312
4 1 38.833
4 2 43.909
4 3 34.0147
4 4 0.0
4 5 66.2722
4 6 14.0357
4 7 27.2947
4 8 80.0062
4 9 63.5295
4 10 26.2488
4 11 62.0081
4 12 77.6209
4 13 69.029
4 14 40.8044
4 15 26.3059
4 16 35.609
4 17 34.0147
4 18 47.5184
4 19 97.4987
4 20 86.3713
4 21 64.4981
4 22 92.0489
4 23 64.1405
4 24 95.1893
4 25 58.2151
4 26 41.1096
4 27 29.4109
4 28 61.4003
4 29 39.0
4 30 16.1555
4 31 89.8888
4 32 30.0
4 33 68.1175
4 34 29.6142
4 35 89.4986
4 36 70.0357
4 37 59.6406
4 38 93.5201
4 39 24.1868
4 40 90.9725
4 41 92.8924
4 42 23.2594
4 43 21.8403
4 44 90.802
4 45 79.9312
4 46 91.7061
4 47 99.5691
4 48 84.22
4 49 14.1421
4 50 72.45
4 51 21.095
4 52 57.9828
4 53 95.8801
4 54 13.6015
4 55 41.7732
4 56 29.1548
4 57 42.5206
4 58 23.0217
4 59 75.743
4 60 62.1289
4 61 29.7321
4 62 70.214
4 63 28.6356
4 64 39.1152
4 65 31.6228
4 66 74.6726
4 67 72.111
4 68 87.8237
4 69 86.3771
4 70 25.0
4 71 90.4489
4 72 48.2701
4 73 28.2843
4 74 61.2944
4 75 90.1388
4 76 72.0278
4 77 78.9177
4 78 77.0779
4 79 8.9443
4 80 22.2036
4 81 60.1664
4 82 67.1193
4 83 60.9262
4 84 88.3629
4 85 44.7214
4 86 41.6293
4 87 24.0416
4 88 79.511
4 89 77.7817
4 90 65.0
4 91 42.72
4 92 17.72
4 93 58.0086
4 94 41.3038
4 95 44.2832
4 96 67.082
4 97 70.8802
4 98 53.7122
4 99 77.8203
4 100 65.2534
4 101 38.4708
4 102 28.4253
4 103 14.4222
4 104 3.1623
4 105 40.3113
4 106 24.1868
4 107 87.6641
4 108 20.025
4 109 87.9659
4 110 67.5426
4 111 93.5575
4 112 96.4624
4 113 26.0768
4 114 95.6033
4 115 49.4065
4 116 25.0799
4 117 48.0104
4 118 36.3593
4 119 66.4003
4 120 69.7209
4 121 30.0
4 122 58.1378
4 123 67.9412
4 124 72.4707
4 125 39.6232
4 126 91.9239
4 127 18.9737
4 128 19.105
4 129 62.3699
5 0 70.5195
5 1 58.1378
5 2 62.2254
5 3 78.032
5 4 66.2722
5 5 0.0
5 6 67.4759
5 7 65.4599
5 8 14.8661
5 9 26.0
5 10 43.3244
5 11 47.1699
5 12 27.5136
5 13 53.2259
5 14 49.93
5 15 72.8011
5 16 41.2311
5 17 72.6154
5 18 71.8471
5 19 38.2884
5 20 20.0998
5 21 27.8568
5 22 30.4138
5 23 40.5216
5 24 46.4866
5 25 88.0057
5 26 78.6003
5 27 43.4166
5 28 24.0416
5 29 66.0681
5 30 60.6712
5 31 31.6228
5 32 51.264
5 33 10.198
5 34 37.0
5 35 34.2053
5 36 18.2483
5 37 43.4626
5 38 48.8467
5 39 65.521
5 40 45.1221
5 41 29.4109
5 42 47.7598
5 43 76.896
5 44 33.2415
5 45 53.1507
5 46 37.1214
5 47 51.8652
5 48 51.1566
5 49 52.6118
5 50 26.0192
5 51 60.0083
5 52 30.2324
5 53 45.31
5 54 64.846
5 55 74.6525
5 56 39.3192
5 57 48.0833
5 58 69.1231
5 59 52.2015
5 60 56.0357
5 61 48.7032
5 62 47.8539
5 63 40.4475
5 64 59.5483
5 65 60.9262
5 66 32.249
5 67 30.0666
5 68 27.6586
5 69 28.3019
5 70 57.2451
5 71 24.1868
5 72 68.6003
5 73 73.3757
5 74 31.7648
5 75 24.0208
5 76 7.2111
5 77 13.4164
5 78 24.5153
5 79 63.561
5 80 54.3415
5 81 29.7321
5 82 44.1475
5 83 31.6228
5 84 22.0907
5 85 22.0907
5 86 30.0832
5 87 50.2195
5 88 13.3417
5 89 50.2195
5 90 10.4403
5 91 34.4819
5 92 74.6324
5 93 33.8378
5 94 79.1581
5 95 29.0689
5 96 18.0
5 97 14.1421
5 98 23.3452
5 99 28.2843
5 100 11.4018
5 101 68.0
5 102 50.1199
5 103 58.3095
5 104 67.6018
5 105 43.0465
5 106 48.4665
5 107 34.5398
5 108 71.8679
5 109 51.0098
5 110 35.3553
5 111 28.2312
5 112 43.6005
5 113 67.0522
5 114 52.9528
5 115 59.0339
5 116 41.1947
5 117 19.3132
5 118 53.2353
5 119 36.4005
5 120 5.0
5 121 48.3735
5 122 60.959
5 123 48.3322
5 124 41.2311
5 125 42.5441
5 126 37.0135
5 127 49.4773
5 128 52.469
5 129 50.6952
6 0 30.0
6 1 51.4296
6 2 56.8595
6 3 48.0
6 4 14.0357
6 5 67.4759
6 6 0.0
6 7 13.9284
6 8 82.0366
6 9 59.203
6 10 34.0588
6 11 72.1388
6 12 83.2586
6 13 59.4643
6 14 31.4006
6 15 12.3693
6 16 30.0832
6 17 20.0
6 18 33.9559
6 19 94.3663
6 20 87.2067
6 21 59.7746
6 22 89.9444
6 23 73.1095
6 24 89.5545
6 25 44.1814
6 26 55.1453
6 27 25.1794
6 28 67.5352
6 29 52.4976
6 30 7.0711
6 31 86.885
6 32 21.4709
6 33 71.3092
6 34 31.0483
6 35 94.7048
6 36 74.6726
6 37 69.3109
6 38 101.0198
6 39 10.7703
6 40 85.0
6 41 91.444
6 42 32.5576
6 43 35.3553
6 44 95.5196
6 45 71.218
6 46 87.6413
6 47 93.4719
6 48 76.2758
6 49 21.9317
6 50 68.4105
6 51 34.176
6 52 52.811
6 53 90.6201
6 54 27.4591
6 55 55.7315
6 56 28.1603
6 57 53.4135
6 58 9.0
6 59 66.8431
6 60 51.6624
6 61 22.4722
6 62 79.9312
6 63 27.074
6 64 51.8941
6 65 19.4165
6 66 81.4923
6 67 78.7718
6 68 91.7606
6 69 83.5464
6 70 37.5766
6 71 91.1373
6 72 35.1141
6 73 14.3178
6 74 55.7136
6 75 91.444
6 76 73.9797
6 77 79.0253
6 78 73.7564
6 79 22.561
6 80 14.5602
6 81 67.4166
6 82 76.4853
6 83 68.5055
6 84 89.202
6 85 45.3982
6 86 39.1152
6 87 18.2483
6 88 80.1561
6 89 69.4046
6 90 64.0312
6 91 38.0789
6 92 31.257
6 93 52.0
6 94 27.2947
6 95 41.3038
6 96 71.8679
6 97 69.2604
6 98 50.636
6 99 73.7631
6 100 64.0703
6 101 25.0
6 102 39.4081
6 103 9.2195
6 104 17.0
6 105 33.1059
6 106 34.0588
6 107 83.5225
6 108 34.0
6 109 80.455
6 110 75.452
6 111 93.0484
6 112 102.4597
6 113 12.3693
6 114 88.6848
6 115 61.7738
6 116 28.6356
6 117 51.2445
6 118 26.2488
6 119 59.9333
6 120 70.1142
6 121 40.6079
6 122 46.6154
6 123 59.203
6 124 65.3682
6 125 32.6956
6 126 97.3088
6 127 27.5862
6 128 15.0333
6 129 73.0
7 0 43.2897
7 1 61.6847
7 2 67.4463
7 3 61.2046
7 4 27.2947
7 5 65.4599
7 6 13.9284
7 7 0.0
7 8 80.3243
7 9 52.0865
7 10 40.8167
7 11 79.0569
7 12 85.1469
7 13 47.4342
7 14 20.8806
7 15 8.0623
7 16 24.5153
7 17 8.6023
7 18 20.2237
7 19 87.367
7 20 84.1724
7 21 52.2398
7 22 84.0
7 23 78.7464
7 24 80.3617
7 25 32.28
7 26 68.0074
7 27 22.3607
7 28 70.4344
7 29 63.9531
7 30 12.1655
7 31 80.1561
7 32 14.3178
7 33 71.1126
7 34 32.6497
7 35 95.8801
7 36 75.8024
7 37 75.8024
7 38 104.4844
7 39 3.1623
7 40 75.5844
7 41 86.093
7 42 40.7185
7 43 49.0306
7 44 96.1769
7 45 59.6825
7 46 79.9062
7 47 83.8153
7 48 65.2993
7 49 30.6757
7 50 61.2046
7 51 45.5412
7 52 45.1774
7 53 81.7435
7 54 40.0
7 55 68.1175
7 56 28.0179
7 57 61.7171
7 58 6.4031
7 59 55.2268
7 60 39.0512
7 61 16.7631
7 62 86.2148
7 63 26.6271
7 64 62.3618
7 65 6.7082
7 66 84.6463
7 67 81.8352
7 68 91.7061
7 69 77.0584
7 70 48.2701
7 71 87.8635
7 72 21.1896
7 73 8.0623
7 74 47.5184
7 75 88.7694
7 76 72.45
7 77 75.505
7 78 67.0671
7 79 35.0
7 80 12.7279
7 81 71.4493
7 82 82.4621
7 83 72.8354
7 84 86.122
7 85 44.2832
7 86 35.4401
7 87 16.4012
7 88 77.1298
7 89 58.1808
7 90 60.0167
7 91 32.249
7 92 44.911
7 93 43.566
7 94 16.6433
7 95 36.8782
7 96 73.2462
7 97 64.3817
7 98 45.2769
7 99 66.3702
7 100 59.8415
7 101 11.1803
7 102 48.4665
7 103 15.5242
7 104 30.4138
7 105 25.02
7 106 42.5441
7 107 75.8024
7 108 47.2652
7 109 69.7782
7 110 79.9062
7 111 88.5664
7 112 104.3072
7 113 2.2361
7 114 78.3901
7 115 71.5122
7 116 32.6497
7 117 52.1536
7 118 15.5242
7 119 50.6952
7 120 67.1863
7 121 49.2443
7 122 33.3017
7 123 47.8853
7 124 55.3624
7 125 25.0
7 126 98.6154
7 127 35.8469
7 128 17.2047
7 129 80.455
8 0 82.7647
8 1 66.7308
8 2 69.8928
8 3 88.2383
8 4 80.0062
8 5 14.8661
8 6 82.0366
8 7 80.3243
8 8 0.0
8 9 37.6431
8 10 55.7315
8 11 49.8197
8 12 21.587
8 13 64.6375
8 14 64.4981
8 15 87.6413
8 16 56.0803
8 17 87.4643
8 18 86.2844
8 19 35.7351
8 20 9.2195
8 21 39.2046
8 22 27.2029
8 23 42.2019
8 24 49.0102
8 25 102.3426
8 26 87.7097
8 27 58.2409
8 28 27.6586
8 29 74.793
8 30 75.3127
8 31 31.257
8 32 66.1287
8 33 13.0
8 34 51.2445
8 35 23.0868
8 36 17.0294
8 37 46.7547
8 38 40.3113
8 39 80.3617
8 40 49.163
8 41 24.1661
8 42 60.0167
8 43 88.7694
8 44 21.0238
8 45 62.2415
8 46 38.1182
8 47 54.0833
8 48 58.8218
8 49 66.0681
8 50 34.4384
8 51 71.5681
8 52 43.1393
8 53 47.0956
8 54 77.2787
8 55 83.3547
8 56 53.9351
8 57 56.0803
8 58 83.9345
8 59 62.1772
8 60 68.6804
8 61 63.5689
8 62 47.8853
8 63 55.109
8 64 68.0955
8 65 75.7694
8 66 28.7924
8 67 27.7308
8 68 14.7648
8 69 29.0172
8 70 68.3081
8 71 12.8062
8 72 82.9277
8 73 88.2326
8 74 43.9318
8 75 10.7703
8 76 8.0623
8 77 11.1803
8 78 30.3645
8 79 76.531
8 80 69.1231
8 81 33.2415
8 82 44.9444
8 83 34.6554
8 84 10.6301
8 85 36.6742
8 86 44.9444
8 87 65.0
8 88 8.0623
8 89 59.5063
8 90 22.6716
8 91 49.1935
8 92 86.885
8 93 46.669
8 94 93.9415
8 95 43.8634
8 96 19.105
8 97 22.4722
8 98 37.4433
8 99 34.4819
8 100 23.3452
8 101 82.7345
8 102 61.0328
8 103 72.8354
8 104 81.0987
8 105 57.7062
8 106 60.4152
8 107 37.0135
8 108 83.678
8 109 57.4891
8 110 35.5106
8 111 20.0
8 112 32.311
8 113 81.9085
8 114 57.1402
8 115 65.437
8 116 55.0091
8 117 32.0624
8 118 67.9779
8 119 47.4342
8 120 14.2127
8 121 59.1354
8 122 74.2765
8 123 59.6406
8 124 51.0
8 125 57.2451
8 126 25.632
8 127 62.3939
8 128 67.082
8 129 53.4135
9 0 73.2462
9 1 70.7107
9 2 76.0263
9 3 85.703
9 4 63.5295
9 5 26.0
9 6 59.203
9 7 52.0865
9 8 37.6431
9 9 0.0
9 10 49.0408
9 11 68.3593
9 12 53.4883
9 13 27.2947
9 14 32.1403
9 15 60.1332
9 16 29.1204
9 17 57.1402
9 18 51.8652
9 19 35.3553
9 20 37.2022
9 21 2.0
9 22 32.1403
9 23 63.0079
9 24 32.0156
9 25 67.1193
9 26 88.6002
9 27 34.5398
9 28 47.0956
9 29 77.6981
9 30 52.2015
9 31 28.0713
9 32 38.4708
9 33 36.0555
9 34 36.1248
9 35 59.6825
9 36 43.9659
9 37 64.3817
9 38 74.8465
9 39 53.3385
9 40 28.2843
9 41 34.7131
9 42 53.1507
9 43 80.2808
9 44 58.2495
9 45 28.0179
9 46 28.4605
9 47 36.7967
9 48 27.6586
9 49 52.8015
9 50 9.2195
9 51 65.7951
9 52 7.0711
9 53 32.45
9 54 67.4759
9 55 85.703
9 56 34.6699
9 57 62.7694
9 58 57.4282
9 59 26.4764
9 60 31.1127
9 61 36.8782
9 62 71.007
9 63 34.9857
9 64 72.0694
9 65 46.0
9 66 57.7235
9 67 55.3173
9 68 52.2015
9 69 25.0
9 70 64.6607
9 71 39.9625
9 72 48.1041
9 73 60.0333
9 74 6.4031
9 75 42.2019
9 76 32.249
9 77 28.4253
9 78 15.0
9 79 64.405
9 80 44.643
9 81 52.0
9 82 67.0
9 83 54.0
9 84 38.833
9 85 25.0599
9 86 22.2036
9 87 41.1096
9 88 31.1448
9 89 25.02
9 90 15.6525
9 91 21.1896
9 92 77.0065
9 93 9.8489
9 94 61.9839
9 95 19.4165
9 96 43.1741
9 97 15.6205
9 98 10.6301
9 99 14.5602
9 100 14.7648
9 101 50.636
9 102 58.8218
9 103 51.264
9 104 65.8635
9 105 27.074
9 106 54.6717
9 107 24.3516
9 108 75.8222
9 109 29.1548
9 110 59.2115
9 111 38.2753
9 112 69.1158
9 113 54.1479
9 114 34.4093
9 115 75.0267
9 116 41.7732
9 117 32.0156
9 118 37.0135
9 119 10.4403
9 120 23.8537
9 121 57.6888
9 122 37.2022
9 123 22.3607
9 124 16.0
9 125 27.1662
9 126 62.434
9 127 52.345
9 128 45.31
9 129 71.5681
10 0 27.2029
10 1 24.1868
10 2 30.1496
10 3 36.7696
10 4 26.2488
10 5 43.3244
10 6 34.0588
10 7 40.8167
10 8 55.7315
10 9 49.0408
10 10 0.0
10 11 38.4187
10 12 51.4198
10 13 64.56
10 14 41.0122
10 15 44.6878
10 16 30.1496
10 17 49.3964
10 18 57.8705
10 19 78.7718
10 20 63.0635
10 21 50.6063
10 22 72.0694
10 23 39.0512
10 24 80.6226
10 25 72.4983
10 26 39.6611
10 27 25.02
10 28 35.171
10 29 29.7321
10 30 29.8329
10 31 71.2811
10 32 32.7567
10 33 43.1856
10 34 14.5602
10 35 63.3482
10 36 44.1814
10 37 35.3836
10 38 67.5352
10 39 38.833
10 40 77.2334
10 41 72.0139
10 42 4.4721
10 43 33.6155
10 44 64.7765
10 45 72.4983
10 46 74.6525
10 47 85.6329
10 48 74.793
10 49 12.53
10 50 56.5685
10 51 17.2047
10 52 45.793
10 53 80.6226
10 54 21.587
10 55 37.1214
10 56 19.105
10 57 21.1896
10 58 40.4599
10 59 69.0797
10 60 60.6712
10 61 30.4138
10 62 45.9674
10 63 20.025
10 64 25.318
10 65 40.8534
10 66 48.4665
10 67 45.8803
10 68 62.1289
10 69 67.6757
10 70 15.6205
10 71 67.1863
10 72 56.7539
10 73 46.2277
10 74 49.3964
10 75 66.2873
10 76 48.0521
10 77 56.648
10 78 59.6657
10 79 21.0
10 80 28.6356
10 81 34.0147
10 82 42.45
10 83 34.8855
10 84 65.0
10 85 24.8395
10 86 28.178
10 87 26.2488
10 88 56.6127
10 89 69.7782
10 90 44.9444
10 91 32.8938
10 92 31.3209
10 93 47.4131
10 94 57.4543
10 95 30.8869
10 96 41.1947
10 97 51.3128
10 98 38.4187
10 99 61.5549
10 100 45.4863
10 101 49.7695
10 102 10.4403
10 103 26.2488
10 104 26.4764
10 105 36.2215
10 106 5.6569
10 107 70.9366
10 108 28.6356
10 109 77.3886
10 110 41.6773
10 111 71.5122
10 112 70.214
10 113 41.0488
10 114 83.4086
10 115 32.249
10 116 10.0
10 117 24.0416
10 118 39.4588
10 119 55.5698
10 120 47.5395
10 121 10.0499
10 122 60.0083
10 123 61.6847
10 124 62.2656
10 125 35.2278
10 126 65.7343
10 127 7.2801
10 128 23.7065
10 129 39.6611
11 0 54.626
11 1 27.6586
11 2 27.0
11 3 50.1597
11 4 62.0081
11 5 47.1699
11 6 72.1388
11 7 79.0569
11 8 49.8197
11 9 68.3593
11 10 38.4187
11 11 0.0
11 12 31.6228
11 13 92.1954
11 14 75.2728
11 15 83.0963
11 16 63.5689
11 17 87.6584
11 18 94.8103
11 19 84.22
11 20 59.0339
11 21 70.3491
11 22 75.8024
11 23 7.8102
11 24 93.6376
11 25 110.1454
11 26 46.0977
11 27 60.4152
11 28 23.2594
11 29 34.0588
11 30 68.2495
11 31 78.2624
11 32 69.3181
11 33 38.9487
11 34 48.3322
11 35 41.6293
11 36 32.8024
11 37 4.0
11 38 36.0139
11 39 77.201
11 40 92.0489
11 41 73.4983
11 42 39.598
11 43 57.5674
11 44 44.7214
11 45 96.1873
11 46 84.1724
11 47 99.0202
11 48 95.8853
11 49 50.2096
11 50 71.8053
11 51 42.9418
11 52 69.0
11 53 92.477
11 54 51.4782
11 55 41.1096
11 56 53.7122
11 57 19.7231
11 58 78.8733
11 59 94.0213
11 60 91.2414
11 61 66.6408
11 62 8.544
11 63 55.0364
11 64 28.4429
11 65 78.3901
11 66 24.1868
11 67 23.6008
11 68 46.0435
11 69 75.1532
11 70 38.4708
11 71 62.3699
11 72 93.1075
11 73 84.6463
11 74 72.0278
11 75 59.4138
11 76 46.1411
11 77 57.8014
11 78 71.4703
11 79 54.0833
11 80 66.5733
11 81 17.4642
11 82 7.0711
11 83 15.6525
11 84 60.3075
11 85 46.2709
11 86 56.0892
11 87 63.6318
11 88 55.7584
11 89 93.1933
11 90 55.7853
11 91 62.3699
11 92 57.9396
11 93 72.0278
11 94 95.6922
11 95 57.7062
11 96 31.0644
11 97 61.0328
11 98 60.0
11 99 75.0
11 100 56.7539
11 101 87.3212
11 102 33.6006
11 103 64.6607
11 104 61.0328
11 105 68.9638
11 106 38.2099
11 107 81.7068
11 108 53.1413
11 109 96.6902
11 110 15.0
11 111 69.814
11 112 43.9318
11 113 79.404
11 114 99.7246
11 115 20.0998
11 116 46.6476
11 117 37.0135
11 118 75.2396
11 119 78.1025
11 120 52.0
11 121 32.0156
11 122 92.8924
11 123 88.0511
11 124 84.2912
11 125 68.0074
11 126 42.72
11 127 44.5533
11 128 61.8547
11 129 3.6056
12 0 76.1052
12 1 54.3415
12 2 55.9732
12 3 77.2787
12 4 77.6209
12 5 27.5136
12 6 83.2586
12 7 85.1469
12 8 21.587
12 9 53.4883
12 10 51.4198
12 11 31.6228
12 12 0.0
12 13 80.6226
12 14 73.5527
12 15 91.4166
12 16 63.0317
12 17 93.2309
12 18 95.462
12 19 57.28
12 20 30.0832
12 21 55.3624
12 22 48.7647
12 23 23.8537
12 24 70.2567
12 25 111.7318
12 26 75.0
12 27 63.0079
12 28 16.2788
12 29 62.0967
12 30 77.3692
12 31 52.7731
12 32 72.0069
12 33 17.4642
12 34 52.8394
12 35 12.0416
12 36 10.0
12 37 29.5296
12 38 21.4709
12 39 84.3801
12 40 70.0071
12 41 45.5412
12 42 54.9181
12 43 81.0062
12 44 14.1421
12 45 80.5233
12 46 59.5399
12 47 75.4255
12 48 78.0897
12 49 63.6003
12 50 52.9528
12 51 64.0312
12 52 57.2451
12 53 68.469
12 54 71.3442
12 55 70.214
12 56 57.1402
12 57 43.7379
12 58 87.3212
12 59 79.6994
12 60 82.8553
12 61 69.2026
12 62 27.6586
12 63 58.5235
12 64 55.5428
12 65 82.0061
12 66 7.8102
12 67 8.0623
12 68 14.4222
12 69 50.3587
12 70 60.0
12 71 32.6497
12 72 92.6553
12 73 92.4392
12 74 59.0931
12 75 29.1548
12 76 22.2036
12 77 32.1403
12 78 50.1597
12 79 72.0069
12 80 72.7186
12 81 19.105
12 82 25.4951
12 83 19.4165
12 84 30.8707
12 85 41.7732
12 86 52.3259
12 87 68.7968
12 88 29.2746
12 89 77.6209
12 90 37.9473
12 91 58.0517
12 92 80.0562
12 93 60.8276
12 94 100.6032
12 95 52.4023
12 96 12.0416
12 97 40.6079
12 98 49.3964
12 99 54.231
12 100 38.8973
12 101 90.1388
12 102 53.0377
12 103 74.2496
12 104 77.8781
12 105 66.4831
12 106 54.5894
12 107 58.1378
12 108 76.0
12 109 77.4145
12 110 16.6433
12 111 40.7185
12 112 19.2354
12 113 86.2844
12 114 78.0064
12 115 50.1597
12 116 54.626
12 117 33.0151
12 118 75.743
12 119 63.9062
12 120 30.5941
12 121 51.0392
12 122 87.0919
12 123 75.7694
12 124 68.6804
12 125 65.7647
12 126 14.3178
12 127 58.6941
12 128 69.3542
12 129 35.0
13 0 82.6801
13 1 88.5268
13 2 94.3663
13 3 98.387
13 4 69.029
13 5 53.2259
13 6 59.4643
13 7 47.4342
13 8 64.6375
13 9 27.2947
13 10 64.56
13 11 92.1954
13 12 80.6226
13 13 0.0
13 14 28.3196
13 15 54.7083
13 16 35.3412
13 17 48.3322
13 18 36.6742
13 19 51.6236
13 20 62.9682
13 21 25.5539
13 22 52.4786
13 23 87.8237
13 24 38.2099
13 25 48.1664
13 26 103.0776
13 27 41.5933
13 28 72.7805
13 29 94.255
13 30 53.7587
13 31 46.5296
13 32 39.0512
13 33 63.1585
13 34 50.0
13 35 86.954
13 36 70.9366
13 37 88.2043
13 38 102.0441
13 39 50.0
13 40 33.2415
13 41 56.3028
13 42 67.6757
13 43 89.5879
13 44 85.44
13 45 12.6491
13 46 42.72
13 47 40.0125
13 48 19.2354
13 49 63.0635
13 50 31.1127
13 51 78.7909
13 52 23.7697
13 53 40.4475
13 54 77.5242
13 55 101.2423
13 56 45.8803
13 57 82.7345
13 58 53.8238
13 59 8.2462
13 60 9.2195
13 61 39.4081
13 62 96.026
13 63 45.31
13 64 89.7385
13 65 40.8044
13 66 84.4334
13 67 81.9085
13 68 79.3221
13 69 44.9444
13 70 79.1202
13 71 65.0692
13 72 32.7567
13 73 53.7122
13 74 21.5407
13 75 67.897
13 76 59.5399
13 77 54.6717
13 78 36.8782
13 79 73.2462
13 80 46.8615
13 81 77.1038
13 82 91.9239
13 83 79.0759
13 84 64.3506
13 85 46.0109
13 86 37.3363
13 87 45.2217
13 88 57.6281
13 89 12.0416
13 90 42.9418
13 91 31.7805
13 92 85.703
13 93 20.3961
13 94 49.7293
13 95 35.1283
13 96 69.8928
13 97 42.2019
13 98 32.5576
13 99 33.6006
13 100 42.0595
13 101 40.3113
13 102 75.0
13 103 54.6717
13 104 72.0069
13 105 29.5296
13 106 69.5701
13 107 39.3954
13 108 86.093
13 109 24.1868
13 110 84.9294
13 111 61.4003
13 112 96.3846
13 113 49.6488
13 114 33.2415
13 115 95.0368
13 116 55.0273
13 117 55.2268
13 118 33.2415
13 119 17.2047
13 120 51.1077
13 121 74.4648
13 122 17.1172
13 123 5.0
13 124 15.2643
13 125 30.4138
13 126 89.6939
13 127 65.0
13 128 50.2195
13 129 95.0842
14 0 55.0091
14 1 65.0308
14 2 71.0282
14 3 71.5122
14 4 40.8044
14 5 49.93
14 6 31.4006
14 7 20.8806
14 8 64.4981
14 9 32.1403
14 10 41.0122
14 11 75.2728
14 12 73.5527
14 13 28.3196
14 14 0.0
14 15 28.8617
14 16 11.7047
14 17 25.02
14 18 22.0227
14 19 67.0298
14 20 66.8506
14 21 32.0156
14 22 64.2806
14 23 72.9178
14 24 59.4811
14 25 38.2884
14 26 76.922
14 27 16.0
14 28 61.0328
14 29 69.5845
14 30 25.4558
14 31 60.0083
14 32 10.8167
14 33 57.4891
14 34 27.4591
14 35 82.9759
14 36 63.6396
14 37 71.5122
14 38 94.3663
14 39 22.8473
14 40 54.7083
14 41 66.7533
14 42 43.1045
14 43 61.7738
14 44 82.6196
14 45 39.8246
14 46 59.3043
14 47 62.9682
14 48 44.9444
14 49 36.4005
14 50 41.0122
14 51 52.6308
14 52 25.0799
14 53 60.8769
14 54 50.1597
14 55 75.71
14 56 22.2036
14 57 61.5224
14 58 26.9258
14 59 35.4683
14 60 21.4709
14 61 11.7047
14 62 81.0247
14 63 21.095
14 64 66.0681
14 65 14.3178
14 66 74.8131
14 67 72.0069
14 68 77.4209
14 69 57.0789
14 70 53.7587
14 71 70.2282
14 72 19.105
14 73 28.4429
14 74 27.0185
14 75 71.6938
14 76 57.1402
14 77 57.9396
14 78 47.0956
14 79 45.618
14 80 18.6011
14 81 63.6318
14 82 76.9675
14 83 65.3682
14 84 68.7095
14 85 32.0156
14 86 21.2603
14 87 17.4642
14 88 60.0083
14 89 38.0132
14 90 42.5441
14 91 15.6205
14 92 57.8014
14 93 23.0217
14 94 30.0832
14 95 21.2603
14 96 61.5549
14 97 45.8803
14 98 27.313
14 99 46.0109
14 100 42.1545
14 101 18.6815
14 102 51.0392
14 103 26.4008
14 104 43.8292
14 105 7.0711
14 106 45.0999
14 107 55.2268
14 108 58.6003
14 109 49.2443
14 110 72.2011
14 111 69.857
14 112 92.0217
14 113 23.0868
14 114 57.6975
14 115 73.171
14 116 31.0161
14 117 41.6173
14 118 5.3852
14 119 29.8329
14 120 50.5371
14 121 51.0
14 122 19.105
14 123 27.8029
14 124 34.5398
14 125 7.8102
14 126 85.7963
14 127 39.4588
14 128 22.3607
14 129 77.4919
15 0 42.107
15 1 63.561
15 2 69.0797
15 3 60.075
15 4 26.3059
15 5 72.8011
15 6 12.3693
15 7 8.0623
15 8 87.6413
15 9 60.1332
15 10 44.6878
15 11 83.0963
15 12 91.4166
15 13 54.7083
15 14 28.8617
15 15 0.0
15 16 32.249
15 17 8.544
15 18 23.7065
15 19 95.4254
15 20 91.7824
15 21 60.2993
15 22 92.0054
15 23 83.4386
15 24 88.3233
15 25 32.0156
15 26 67.3647
15 27 29.4109
15 28 76.2758
15 29 64.846
15 30 14.8661
15 31 88.2043
15 32 22.0907
15 33 78.0
15 34 38.5876
15 35 102.4207
15 36 82.2982
15 37 80.0562
15 38 110.2089
15 39 7.2801
15 40 83.5225
15 41 94.0479
15 42 43.8292
15 43 47.0425
15 44 102.8834
15 45 67.1193
15 46 87.9659
15 47 91.7061
15 48 72.9178
15 49 33.2866
15 50 69.2604
15 51 46.4866
15 52 53.2353
15 53 89.7385
15 54 39.8121
15 55 68.0661
15 56 34.4384
15 57 64.8999
15 58 4.2426
15 59 62.6498
15 60 46.0435
15 61 24.3311
15 62 90.6091
15 63 33.1059
15 64 64.0781
15 65 14.5602
15 66 90.4434
15 67 87.6584
15 68 98.6154
15 69 85.0941
15 70 49.7695
15 71 95.5249
15 72 25.807
15 73 2.0
15 74 55.5788
15 75 96.3172
15 76 79.6994
15 77 83.1865
15 78 75.1066
15 79 34.9285
15 80 18.7883
15 81 76.8375
15 82 87.0
15 83 78.1025
15 84 93.7443
15 85 51.264
15 86 42.9535
15 87 22.8473
15 88 84.7231
15 89 65.7419
15 90 67.7422
15 91 40.1123
15 92 43.0116
15 93 51.6236
15 94 15.0333
15 95 44.5533
15 96 79.6492
15 97 72.2496
15 98 53.1507
15 99 74.4312
15 100 67.6018
15 101 15.6205
15 102 51.1077
15 103 18.4391
15 104 29.1548
15 105 33.0606
15 106 45.4863
15 107 83.863
15 108 46.0977
15 109 77.4726
15 110 85.1469
15 111 96.421
15 112 110.6391
15 113 6.0
15 114 86.1626
15 115 73.7902
15 116 37.6431
15 117 58.5918
15 118 23.5372
15 119 58.6941
15 120 74.7329
15 121 52.1536
15 122 39.6989
15 123 55.4617
15 124 63.2456
15 125 33.0151
15 126 105.119
15 127 38.833
15 128 22.2036
15 129 84.2021
16 0 47.8017
16 1 54.3323
16 2 60.2993
16 3 63.0635
16 4 35.609
16 5 41.2311
16 6 30.0832
16 7 24.5153
16 8 56.0803
16 9 29.1204
16 10 30.1496
16 11 63.5689
16 12 63.0317
16 13 35.3412
16 14 11.7047
16 15 32.249
16 16 0.0
16 17 31.3847
16 18 32.6497
16 19 64.3273
16 20 59.6657
16 21 29.7321
16 22 60.208
16 23 61.2699
16 24 59.9416
16 25 48.8365
16 26 67.7791
16 27 6.4031
16 28 49.8197
16 29 59.439
16 30 23.0868
16 31 56.8859
16 32 10.198
16 33 47.7074
16 34 16.0312
16 35 73.0068
16 36 53.2635
16 37 59.808
16 38 83.4865
16 39 25.0799
16 40 55.5698
16 41 62.0081
16 42 32.7567
16 43 54.8179
16 44 72.9452
16 45 45.0
16 46 57.5674
16 47 64.1405
16 48 48.7955
16 49 27.7849
16 50 38.3275
16 51 43.4626
16 52 22.8473
16 53 60.8358
16 54 42.4382
16 55 66.0984
16 56 11.0454
16 57 50.1597
16 58 29.0172
16 59 41.0488
16 60 30.5941
16 61 8.0
16 62 69.3542
16 63 10.198
16 64 55.4437
16 65 19.6977
16 66 63.7809
16 67 60.959
16 68 68.0955
16 69 53.6004
16 70 43.9659
16 71 63.3482
16 72 30.2324
16 73 32.5576
16 74 25.9422
16 75 64.2884
16 76 48.3322
16 77 50.9902
16 78 43.7379
16 79 38.4187
16 80 15.5242
16 81 52.1536
16 82 65.307
16 83 53.8516
16 84 61.6117
16 85 21.2603
16 86 11.1803
16 87 12.083
16 88 52.6308
16 89 42.638
16 90 35.5106
16 91 8.0623
16 92 51.0882
16 93 22.4722
16 94 38.0789
16 95 12.3693
16 96 50.9902
16 97 40.05
16 98 21.0
16 99 43.6807
16 100 35.3553
16 101 27.2029
16 102 40.4475
16 103 22.3607
16 104 38.2884
16 105 6.0828
16 106 34.7131
16 107 53.4509
16 108 51.0392
16 109 52.4023
16 110 60.7454
16 111 64.195
16 112 81.8352
16 113 26.3059
16 114 60.0
16 115 62.0081
16 116 20.2237
16 117 30.4795
16 118 12.7279
16 119 30.8058
16 120 42.72
16 121 40.1995
16 122 30.0666
16 123 33.2866
16 124 36.8782
16 125 5.099
16 126 75.8024
16 127 29.7321
16 128 16.6433
16 129 65.8027
17 0 50.0
17 1 69.8928
17 2 75.5844
17 3 68.0
17 4 34.0147
17 5 72.6154
17 6 20.0
17 7 8.6023
17 8 87.4643
17 9 57.1402
17 10 49.3964
17 11 87.6584
17 12 93.2309
17 13 48.3322
17 14 25.02
17 15 8.544
17 16 31.3847
17 17 0.0
17 18 15.2643
17 19 92.0054
17 20 90.802
17 21 57.0351
17 22 89.2749
17 23 87.3212
17 24 83.5464
17 25 24.3311
17 26 75.1066
17 27 30.2324
17 28 78.7464
17 29 71.8053
17 30 20.2485
17 31 85.0235
17 32 21.4709
17 33 78.7718
17 34 41.0366
17 35 103.7738
17 36 83.7616
17 37 84.4038
17 38 112.8051
17 39 10.7703
17 40 78.6448
17 41 91.6624
17 42 49.1935
17 43 55.2268
17 44 103.9423
17 45 60.9262
17 46 84.1487
17 47 86.5852
17 48 67.0671
17 49 39.0
17 50 66.0303
17 51 53.3667
17 52 50.0899
17 53 85.1587
17 54 47.2652
17 55 75.5381
17 56 36.2353
17 57 70.2353
17 58 11.0
17 59 56.4624
17 60 39.3573
17 61 24.1868
17 62 94.8103
17 63 34.8281
17 64 70.5195
17 65 11.7047
17 66 92.957
17 67 90.1388
17 68 99.2975
17 69 82.0975
17 70 56.3205
17 71 94.3716
17 72 17.6918
17 73 6.7082
17 74 52.0
17 75 95.5092
17 76 79.7057
17 77 82.0061
17 78 72.111
17 79 42.2966
17 80 21.2603
17 81 79.9062
17 82 91.0494
17 83 81.3204
17 84 92.72
17 85 51.9711
17 86 42.5441
17 87 24.7588
17 88 83.8153
17 89 59.808
17 90 66.4831
17 91 38.6005
17 92 51.1566
17 93 48.0
17 94 8.0623
17 95 43.6578
17 96 81.2712
17 97 70.406
17 98 51.4198
17 99 71.0
17 100 66.2193
17 101 8.0623
17 102 56.8595
17 103 23.7697
17 104 37.0
17 105 30.5941
17 106 50.9902
17 107 80.0999
17 108 54.0
17 109 71.7844
17 110 88.3912
17 111 94.541
17 112 112.3299
17 113 8.544
17 114 80.6536
17 115 79.8499
17 116 41.2311
17 117 60.2163
17 118 20.2237
17 119 54.3323
17 120 74.0
17 121 57.6975
17 122 32.45
17 123 49.6488
17 124 58.2495
17 125 30.8058
17 126 106.5317
17 127 44.2832
17 128 25.807
17 129 89.0449
18 0 63.5059
18 1 80.4114
18 2 86.3134
18 3 81.3941
18 4 47.5184
18 5 71.8471
18 6 33.9559
18 7 20.2237
18 8 86.2844
18 9 51.8652
18 10 57.8705
18 11 94.8103
18 12 95.462
18 13 36.6742
18 14 22.0227
18 15 23.7065
18 16 32.6497
18 17 15.2643
18 18 0.0
18 19 84.8528
18 20 88.1022
18 21 51.2445
18 22 83.4326
18 23 93.2952
18 24 74.0608
18 25 16.2788
18 26 88.0909
18 27 34.4819
18 28 82.4621
18 29 83.3847
18 30 32.0156
18 31 78.4474
18 32 25.4951
18 33 79.511
18 34 46.5296
18 35 104.9952
18 36 85.5862
18 37 91.2414
18 38 116.1034
18 39 23.3452
18 40 69.0652
18 41 86.4002
18 42 58.6941
18 43 69.2315
18 44 104.6375
18 45 49.2443
18 46 76.4199
18 47 76.4199
18 48 55.9017
18 49 49.4975
18 50 59.9083
18 51 65.123
18 52 44.9444
18 53 76.0066
18 54 60.075
18 55 88.0057
18 56 41.1825
18 57 79.0569
18 58 25.2982
18 59 44.911
18 60 27.4591
18 61 28.178
18 62 101.2126
18 63 39.8246
18 64 81.2158
18 65 17.2627
18 66 96.4261
18 67 93.6056
18 68 99.4032
18 69 75.9276
18 70 67.4759
18 71 91.2853
18 72 4.0
18 73 21.9545
18 74 45.8803
18 75 93.0215
18 76 79.0569
18 77 79.1581
18 78 66.2193
18 79 55.0818
18 80 29.6142
18 81 84.6286
18 82 97.2471
18 83 86.267
18 84 89.8999
18 85 53.7587
18 86 43.1393
18 87 31.6228
18 88 81.4125
18 89 48.6621
18 90 64.0078
18 91 37.6431
18 92 65.1153
18 93 42.0595
18 94 13.4164
18 95 43.2782
18 96 83.4386
18 97 66.7083
18 98 48.8774
18 99 64.3273
18 100 63.5295
18 101 9.0554
18 102 66.7083
18 103 35.0143
18 104 50.636
18 105 29.0689
18 106 60.6383
18 107 72.5603
18 108 67.4759
18 109 60.8276
18 110 93.2309
18 111 90.1388
18 112 114.0219
18 113 21.587
18 114 69.8713
18 115 89.7385
18 116 48.4665
18 117 63.1269
18 118 20.0
18 119 46.5296
18 120 72.2011
18 121 67.1863
18 122 19.6469
18 123 39.1152
18 124 49.0102
18 125 29.7321
18 126 107.8147
18 127 54.1295
18 128 34.7131
18 129 96.6644
19 0 105.1903
19 1 96.1769
19 2 100.449
19 3 115.0
19 4 97.4987
19 5 38.2884
19 6 94.3663
19 7 87.367
19 8 35.7351
19 9 35.3553
19 10 78.7718
19 11 84.22
19 12 57.28
19 13 51.6236
19 14 67.0298
19 15 95.4254
19 16 64.3273
19 17 92.0054
19 18 84.8528
19 19 0.0
19 20 27.4591
19 21 35.1283
19 22 8.544
19 23 76.9415
19 24 18.0278
19 25 98.7168
19 26 116.2755
19 27 69.3758
19 28 61.0574
19 29 104.0048
19 30 87.3212
19 31 7.6158
19 32 73.8241
19 33 45.2769
19 34 68.4471
19 35 56.1427
19 36 51.8941
19 37 80.7775
19 38 74.2428
19 39 88.6848
19 40 21.2132
19 41 12.0416
19 42 83.2166
19 43 112.0045
19 44 53.0377
19 45 42.72
19 46 8.9443
19 47 21.5407
19 48 36.4005
19 49 85.4283
19 50 26.1725
19 51 95.9635
19 52 42.19
19 53 15.2643
19 54 99.363
19 55 112.5389
19 56 68.352
19 57 86.3134
19 58 92.7793
19 59 45.1774
19 60 59.4811
19 61 72.1803
19 62 83.2586
19 63 68.9493
19 64 97.591
19 65 81.1542
19 66 64.5136
19 67 63.3246
19 68 47.1699
19 69 11.1803
19 70 93.8136
19 71 26.0192
19 72 80.895
19 73 95.2575
19 74 40.0125
19 75 30.0167
19 76 38.0789
19 77 26.4197
19 78 20.6155
19 79 97.0464
19 80 79.8311
19 81 66.888
19 82 80.0562
19 83 68.6003
19 84 27.1662
19 85 54.2033
19 86 55.9732
19 87 76.1577
19 88 28.6356
19 89 41.1825
19 90 33.8378
19 91 56.2939
19 92 109.1788
19 93 44.0114
19 94 96.1873
19 95 53.4509
19 96 53.2353
19 97 27.4591
19 98 43.9659
19 99 21.0238
19 100 33.2866
19 101 85.0529
19 102 87.0057
19 103 86.1278
19 104 99.5389
19 105 62.3939
19 106 84.3149
19 107 12.3693
19 108 107.1868
19 109 32.5576
19 110 70.6824
19 111 18.0278
19 112 64.0078
19 113 89.4539
19 114 27.4591
19 115 97.3088
19 116 73.7902
19 117 56.0803
19 118 72.111
19 119 38.3275
19 120 33.3017
19 121 85.4283
19 122 67.1863
19 123 47.4342
19 124 36.6879
19 125 62.514
19 126 58.0345
19 127 83.7257
19 128 80.0812
19 129 87.818
20 0 90.2497
20 1 75.4718
20 2 78.8162
20 3 96.6075
20 4 86.3713
20 5 20.0998
20 6 87.2067
20 7 84.1724
20 8 9.2195
20 9 37.2022
20 10 63.0635
20 11 59.0339
20 12 30.0832
20 13 62.9682
20 14 66.8506
20 15 91.7824
20 16 59.6657
20 17 90.802
20 18 88.1022
20 19 27.4591
20 20 0.0
20 21 38.4187
20 22 19.105
20 23 51.4004
20 24 42.2966
20 25 103.8316
20 26 96.3846
20 27 62.6498
20 28 36.7967
20 29 83.5284
20 30 80.3057
20 31 24.0832
20 32 69.857
20 33 21.6333
20 34 57.0351
20 35 29.0172
20 36 26.2488
20 37 55.9732
20 38 47.0106
20 39 84.5281
20 40 43.1741
20 41 15.5242
20 42 67.4463
20 43 96.4624
20 44 26.1725
20 45 58.8303
20 46 31.1448
20 47 47.0956
20 48 54.5619
20 49 72.6911
20 50 31.8904
20 51 79.3788
20 52 43.566
20 53 40.1123
20 54 84.6463
20 55 92.1141
20 56 59.0762
20 57 64.8999
20 58 88.2836
20 59 59.4054
20 60 68.1175
20 61 67.4685
20 62 56.9386
20 63 60.1332
20 64 76.8505
20 65 79.1202
20 66 37.5766
20 67 36.7151
20 68 20.025
20 69 22.561
20 70 76.3217
20 71 4.1231
20 72 84.534
20 73 92.1954
20 74 43.6005
20 75 5.0
20 76 15.2315
20 77 8.9443
20 78 26.6271
20 79 83.5464
20 80 73.6817
20 81 42.4264
20 82 54.0833
20 83 43.8634
20 84 2.0
20 85 42.0
20 86 48.8365
20 87 69.5845
20 88 7.0711
20 89 56.3028
20 90 24.3516
20 91 52.2015
20 92 94.3716
20 93 46.8722
20 94 96.7988
20 95 47.2969
20 96 28.2843
20 97 21.6333
20 98 39.5601
20 99 30.5287
20 100 24.6982
20 101 85.44
20 102 69.0797
20 103 78.1025
20 104 87.6926
20 105 60.407
20 106 68.0074
20 107 30.8058
20 108 91.3947
20 109 52.5547
20 110 44.6542
20 111 10.8167
20 112 37.4833
20 113 85.9069
20 114 50.9902
20 115 74.5185
20 116 61.2944
20 117 39.0512
20 118 70.8378
20 119 45.9674
20 120 17.1172
20 121 67.2309
20 122 74.4043
20 123 58.0
20 124 48.4149
20 125 60.0833
20 126 31.1448
20 127 69.4262
20 128 72.1734
20 129 62.6259
21 0 74.5185
21 1 72.4707
21 2 77.8203
21 3 87.2067
21 4 64.4981
21 5 27.8568
21 6 59.7746
21 7 52.2398
21 8 39.2046
21 9 2.0
21 10 50.6063
21 11 70.3491
21 12 55.3624
21 13 25.5539
21 14 32.0156
21 15 60.2993
21 16 29.7321
21 17 57.0351
21 18 51.2445
21 19 35.1283
21 20 38.4187
21 21 0.0
21 22 32.3883
21 23 65.0077
21 24 30.8058
21 25 66.3099
21 26 90.2109
21 27 35.3412
21 28 49.0918
21 29 79.404
21 30 52.811
21 31 28.0
21 32 38.833
21 33 37.9473
21 34 37.4833
21 35 61.4003
21 36 45.8803
21 37 66.3702
21 38 76.6942
21 39 53.6004
21 40 26.9072
21 41 35.171
21 42 54.6717
21 43 81.5659
21 44 59.9083
21 45 26.0192
21 46 27.8927
21 47 35.4683
21 48 25.7099
21 49 54.037
21 50 9.0
21 51 67.2681
21 52 7.0711
21 53 31.3847
21 54 68.7677
21 55 87.367
21 56 35.805
21 57 64.622
21 58 57.7062
21 59 24.5153
21 60 29.7321
21 61 37.3631
21 62 73.0068
21 63 36.0555
21 64 73.8241
21 65 46.0435
21 66 59.6657
21 67 57.2713
21 68 53.8238
21 69 25.0799
21 70 66.2193
21 71 41.0488
21 72 47.4342
21 73 60.1332
21 74 5.3852
21 75 43.4166
21 76 34.0
21 77 29.7321
21 78 15.1327
21 79 65.6049
21 80 45.2217
21 81 54.0
21 82 69.0
21 83 56.0
21 84 40.0
21 85 26.8328
21 86 23.4307
21 87 41.7852
21 88 32.5269
21 89 23.0217
21 90 17.4642
21 91 21.9317
21 92 78.2432
21 93 9.2195
21 94 61.6604
21 95 20.6155
21 96 45.1221
21 97 16.9706
21 98 12.2066
21 99 14.1421
21 100 16.5529
21 101 50.3587
21 102 60.4649
21 103 52.0
21 104 66.888
21 105 27.2947
21 106 56.2228
21 107 23.7697
21 108 77.1557
21 109 27.313
21 110 61.2046
21 111 39.0
21 112 70.8308
21 113 54.3323
21 114 32.8024
21 115 76.896
21 116 43.1393
21 117 33.9559
21 118 37.0135
21 119 8.544
21 120 25.5539
21 121 59.3633
21 122 36.0555
21 123 20.5913
21 124 14.0
21 125 27.4591
21 126 64.1405
21 127 53.7401
21 128 46.0977
21 129 73.5527
22 0 98.8433
22 1 88.5268
22 2 92.6337
22 3 107.8981
22 4 92.0489
22 5 30.4138
22 6 89.9444
22 7 84.0
22 8 27.2029
22 9 32.1403
22 10 72.0694
22 11 75.8024
22 12 48.7647
22 13 52.4786
22 14 64.2806
22 15 92.0054
22 16 60.208
22 17 89.2749
22 18 83.4326
22 19 8.544
22 20 19.105
22 21 32.3883
22 22 0.0
22 23 68.4763
22 24 24.0416
22 25 98.0306
22 26 108.8531
22 27 64.7765
22 28 52.6972
22 29 96.4261
22 30 82.8734
22 31 6.4031
22 32 70.0643
22 33 36.8917
22 34 62.6259
22 35 48.0104
22 36 43.382
22 37 72.4017
22 38 66.0681
22 39 85.0529
22 40 25.9422
22 41 4.4721
22 42 76.5376
22 43 105.5462
22 44 45.0111
22 45 45.2769
22 46 13.0
22 47 28.4429
22 48 39.6989
22 49 79.4796
22 50 23.5372
22 51 89.1852
22 52 39.2046
22 53 21.587
22 54 93.0376
22 55 104.9952
22 56 63.0635
22 57 78.492
22 58 89.0898
22 59 47.0106
22 60 59.5063
22 61 68.1836
22 62 74.7329
22 63 63.7887
22 64 89.9389
22 65 78.0577
22 66 55.9732
22 67 54.7814
22 68 39.0128
22 69 7.6158
22 70 86.8217
22 71 18.1108
22 72 79.555
22 73 92.0054
22 74 37.6563
22 75 22.0907
22 76 29.6816
22 77 18.0278
22 78 17.2627
22 79 91.0
22 80 75.5381
22 81 58.5235
22 82 71.5542
22 83 60.208
22 84 19.0
22 85 47.927
22 86 50.9902
22 87 71.7008
22 88 20.1246
22 89 43.2782
22 90 27.313
22 91 52.1536
22 92 102.8834
22 93 41.5933
22 94 94.0479
22 95 48.6621
22 96 44.7772
22 97 21.1896
22 98 39.3192
22 99 19.3132
22 100 26.9258
22 101 82.7345
22 102 79.8812
22 103 81.3941
22 104 93.9202
22 105 59.0085
22 106 77.5242
22 107 14.2127
22 108 100.6479
22 109 36.6197
22 110 62.1691
22 111 10.7703
22 112 56.1427
22 113 86.0058
22 114 33.2415
